/*--------------------------------*- C++ -*----------------------------------*\
| =========                 |                                                 |
| \\      /  F ield         | OpenFOAM: The Open Source CFD Toolbox           |
|  \\    /   O peration     | Version:  2406                                  |
|   \\  /    A nd           | Website:  www.openfoam.com                      |
|    \\/     M anipulation  |                                                 |
\*---------------------------------------------------------------------------*/
FoamFile
{
    version     2.0;
    format      ascii;
    arch        "LSB;label=32;scalar=64";
    class       volScalarField;
    location    "60";
    object      h;
}
// * * * * * * * * * * * * * * * * * * * * * * * * * * * * * * * * * * * * * //

dimensions      [0 2 -2 0 0 0 0];

internalField   nonuniform List<scalar> 
10000
(
236503
234660
232401
229655
226336
188578
50817
-3154.05
-4862.2
-6880.31
236503
234659
232400
229654
226336
188394
50845.5
-3153.69
-4862.05
-6880.25
236505
234665
232409
229666
226350
189007
50947.2
-3152.73
-4861.65
-6880.09
236509
234678
232433
229698
226385
190458
51151.4
-3150.87
-4860.87
-6879.76
236515
234698
232468
229744
226433
192067
51434.6
-3147.97
-4859.58
-6879.21
236521
234718
232503
229790
226479
193425
51745.4
-3144.19
-4857.71
-6878.35
236526
234733
232529
229824
226514
194425
52027.6
-3140.04
-4855.37
-6877.16
236529
234742
232544
229844
226535
195047
52231.5
-3136.28
-4852.86
-6875.72
236530
234746
232551
229854
226545
195350
52344.6
-3133.5
-4850.6
-6874.2
236531
234747
232553
229857
226549
195463
52393.7
-3131.81
-4848.89
-6872.83
-9025.4
-11058.9
-12918.1
-14595.6
-16088.8
-17399.8
-18535.1
-19504.5
-20321
-20999.2
-21555
-22004.3
-22362.7
-22644.9
-22864.2
-23032.4
-23159.9
-23255.3
-23325.8
-23377.3
-23414.5
-23441
-23459.7
-23472.8
-23481.8
-23487.9
-23492.1
-23494.9
-23496.7
-23497.9
-23498.7
-23499.2
-23499.5
-23499.7
-23499.8
-23499.9
-23499.9
-23500
-23500
-23500
-23500
-23500
-23500
-23500
-23500
-23500
-23500
-23500
-23500
-23500
-23500
-23500
-23500
-23500
-23500
-23500
-23500
-23500
-23500
-23500
-23500
-23500
-23500
-23500
-23500
-23500
-23500
-23500
-23500
-23500
-23500
-23500
-23500
-23500
-23500
-23500
-23500
-23500
-23500
-23500
-9025.38
-11058.9
-12918.1
-14595.6
-16088.8
-17399.8
-18535.1
-19504.5
-20321
-20999.2
-21555
-22004.3
-22362.7
-22644.9
-22864.2
-23032.4
-23159.9
-23255.3
-23325.8
-23377.3
-23414.5
-23441
-23459.7
-23472.8
-23481.8
-23487.9
-23492.1
-23494.9
-23496.7
-23497.9
-23498.7
-23499.2
-23499.5
-23499.7
-23499.8
-23499.9
-23499.9
-23500
-23500
-23500
-23500
-23500
-23500
-23500
-23500
-23500
-23500
-23500
-23500
-23500
-23500
-23500
-23500
-23500
-23500
-23500
-23500
-23500
-23500
-23500
-23500
-23500
-23500
-23500
-23500
-23500
-23500
-23500
-23500
-23500
-23500
-23500
-23500
-23500
-23500
-23500
-23500
-23500
-23500
-23500
-9025.31
-11058.9
-12918.1
-14595.6
-16088.8
-17399.8
-18535.1
-19504.5
-20321
-20999.2
-21555
-22004.3
-22362.7
-22644.9
-22864.2
-23032.4
-23159.9
-23255.3
-23325.8
-23377.3
-23414.5
-23441
-23459.7
-23472.8
-23481.8
-23487.9
-23492.1
-23494.9
-23496.7
-23497.9
-23498.7
-23499.2
-23499.5
-23499.7
-23499.8
-23499.9
-23499.9
-23500
-23500
-23500
-23500
-23500
-23500
-23500
-23500
-23500
-23500
-23500
-23500
-23500
-23500
-23500
-23500
-23500
-23500
-23500
-23500
-23500
-23500
-23500
-23500
-23500
-23500
-23500
-23500
-23500
-23500
-23500
-23500
-23500
-23500
-23500
-23500
-23500
-23500
-23500
-23500
-23500
-23500
-23500
-9025.16
-11058.8
-12918.1
-14595.6
-16088.8
-17399.8
-18535.1
-19504.5
-20321
-20999.2
-21555
-22004.3
-22362.7
-22644.9
-22864.2
-23032.4
-23159.9
-23255.3
-23325.8
-23377.3
-23414.5
-23441
-23459.7
-23472.8
-23481.8
-23487.9
-23492.1
-23494.9
-23496.7
-23497.9
-23498.7
-23499.2
-23499.5
-23499.7
-23499.8
-23499.9
-23499.9
-23500
-23500
-23500
-23500
-23500
-23500
-23500
-23500
-23500
-23500
-23500
-23500
-23500
-23500
-23500
-23500
-23500
-23500
-23500
-23500
-23500
-23500
-23500
-23500
-23500
-23500
-23500
-23500
-23500
-23500
-23500
-23500
-23500
-23500
-23500
-23500
-23500
-23500
-23500
-23500
-23500
-23500
-23500
-9024.91
-11058.7
-12918
-14595.5
-16088.8
-17399.8
-18535.1
-19504.5
-20321
-20999.2
-21555
-22004.3
-22362.7
-22644.9
-22864.2
-23032.4
-23159.9
-23255.3
-23325.8
-23377.3
-23414.5
-23441
-23459.7
-23472.8
-23481.8
-23487.9
-23492.1
-23494.9
-23496.7
-23497.9
-23498.7
-23499.2
-23499.5
-23499.7
-23499.8
-23499.9
-23499.9
-23500
-23500
-23500
-23500
-23500
-23500
-23500
-23500
-23500
-23500
-23500
-23500
-23500
-23500
-23500
-23500
-23500
-23500
-23500
-23500
-23500
-23500
-23500
-23500
-23500
-23500
-23500
-23500
-23500
-23500
-23500
-23500
-23500
-23500
-23500
-23500
-23500
-23500
-23500
-23500
-23500
-23500
-23500
-9024.51
-11058.5
-12917.9
-14595.5
-16088.7
-17399.8
-18535
-19504.5
-20321
-20999.2
-21555
-22004.3
-22362.7
-22644.9
-22864.2
-23032.4
-23159.9
-23255.3
-23325.8
-23377.3
-23414.5
-23441
-23459.7
-23472.8
-23481.8
-23487.9
-23492.1
-23494.9
-23496.7
-23497.9
-23498.7
-23499.2
-23499.5
-23499.7
-23499.8
-23499.9
-23499.9
-23500
-23500
-23500
-23500
-23500
-23500
-23500
-23500
-23500
-23500
-23500
-23500
-23500
-23500
-23500
-23500
-23500
-23500
-23500
-23500
-23500
-23500
-23500
-23500
-23500
-23500
-23500
-23500
-23500
-23500
-23500
-23500
-23500
-23500
-23500
-23500
-23500
-23500
-23500
-23500
-23500
-23500
-23500
-9023.92
-11058.2
-12917.7
-14595.4
-16088.7
-17399.8
-18535
-19504.5
-20321
-20999.2
-21555
-22004.3
-22362.7
-22644.9
-22864.2
-23032.4
-23159.9
-23255.3
-23325.8
-23377.3
-23414.5
-23441
-23459.7
-23472.8
-23481.8
-23487.9
-23492.1
-23494.9
-23496.7
-23497.9
-23498.7
-23499.2
-23499.5
-23499.7
-23499.8
-23499.9
-23499.9
-23500
-23500
-23500
-23500
-23500
-23500
-23500
-23500
-23500
-23500
-23500
-23500
-23500
-23500
-23500
-23500
-23500
-23500
-23500
-23500
-23500
-23500
-23500
-23500
-23500
-23500
-23500
-23500
-23500
-23500
-23500
-23500
-23500
-23500
-23500
-23500
-23500
-23500
-23500
-23500
-23500
-23500
-23500
-9023.14
-11057.8
-12917.5
-14595.2
-16088.6
-17399.7
-18535
-19504.5
-20321
-20999.2
-21555
-22004.3
-22362.7
-22644.9
-22864.2
-23032.4
-23159.9
-23255.3
-23325.8
-23377.3
-23414.5
-23441
-23459.7
-23472.8
-23481.8
-23487.9
-23492.1
-23494.9
-23496.7
-23497.9
-23498.7
-23499.2
-23499.5
-23499.7
-23499.8
-23499.9
-23499.9
-23500
-23500
-23500
-23500
-23500
-23500
-23500
-23500
-23500
-23500
-23500
-23500
-23500
-23500
-23500
-23500
-23500
-23500
-23500
-23500
-23500
-23500
-23500
-23500
-23500
-23500
-23500
-23500
-23500
-23500
-23500
-23500
-23500
-23500
-23500
-23500
-23500
-23500
-23500
-23500
-23500
-23500
-23500
-9022.21
-11057.2
-12917.2
-14595
-16088.5
-17399.6
-18535
-19504.5
-20321
-20999.2
-21555
-22004.3
-22362.7
-22644.9
-22864.2
-23032.4
-23159.9
-23255.3
-23325.8
-23377.3
-23414.5
-23441
-23459.7
-23472.8
-23481.8
-23487.9
-23492.1
-23494.9
-23496.7
-23497.9
-23498.7
-23499.2
-23499.5
-23499.7
-23499.8
-23499.9
-23499.9
-23500
-23500
-23500
-23500
-23500
-23500
-23500
-23500
-23500
-23500
-23500
-23500
-23500
-23500
-23500
-23500
-23500
-23500
-23500
-23500
-23500
-23500
-23500
-23500
-23500
-23500
-23500
-23500
-23500
-23500
-23500
-23500
-23500
-23500
-23500
-23500
-23500
-23500
-23500
-23500
-23500
-23500
-23500
-9021.27
-11056.6
-12916.8
-14594.8
-16088.3
-17399.6
-18534.9
-19504.4
-20320.9
-20999.2
-21555
-22004.3
-22362.7
-22644.9
-22864.2
-23032.4
-23159.9
-23255.3
-23325.8
-23377.3
-23414.5
-23441
-23459.7
-23472.8
-23481.8
-23487.9
-23492.1
-23494.9
-23496.7
-23497.9
-23498.7
-23499.2
-23499.5
-23499.7
-23499.8
-23499.9
-23499.9
-23500
-23500
-23500
-23500
-23500
-23500
-23500
-23500
-23500
-23500
-23500
-23500
-23500
-23500
-23500
-23500
-23500
-23500
-23500
-23500
-23500
-23500
-23500
-23500
-23500
-23500
-23500
-23500
-23500
-23500
-23500
-23500
-23500
-23500
-23500
-23500
-23500
-23500
-23500
-23500
-23500
-23500
-23500
-23500
-23500
-23500
-23500
-23500
-23500
-23500
-23500
-23500
-23500
-23500
-23500
-23500
-23500
-23500
-23500
-23500
-23500
-23500
-23500
-23500
-23500
-23500
-23500
-23500
-23500
-23500
-23500
-23500
-23500
-23500
-23500
-23500
-23500
-23500
-23500
-23500
-23500
-23500
-23500
-23500
-23500
-23500
-23500
-23500
-23500
-23500
-23500
-23500
-23500
-23500
-23500
-23500
-23500
-23500
-23500
-23500
-23500
-23500
-23500
-23500
-23500
-23500
-23500
-23500
-23500
-23500
-23500
-23500
-23500
-23500
-23500
-23500
-23500
-23500
-23500
-23500
-23500
-23500
-23500
-23500
-23500
-23500
-23500
-23500
-23500
-23500
-23500
-23500
-23500
-23500
-23500
-23500
-23500
-23500
-23500
-23500
-23500
-23500
-23500
236531
234748
232554
229858
226550
195493
52410.7
-3130.99
-4847.88
-6871.86
236531
234748
232554
229858
226550
195500
52416.9
-3130.62
-4847.35
-6871.29
236531
234748
232554
229858
226550
195503
52419.5
-3130.43
-4847.08
-6870.96
236531
234748
232554
229858
226550
195504
52420.6
-3130.34
-4846.92
-6870.77
236531
234748
232554
229858
226550
195503
52421
-3130.29
-4846.84
-6870.65
236531
234748
232554
229858
226550
195503
52421.2
-3130.27
-4846.79
-6870.59
236531
234748
232554
229858
226550
195504
52421.4
-3130.25
-4846.77
-6870.55
236531
234748
232554
229858
226550
195504
52421.5
-3130.24
-4846.75
-6870.53
236531
234748
232554
229858
226550
195504
52421.6
-3130.24
-4846.74
-6870.51
236531
234748
232554
229858
226550
195504
52421.6
-3130.23
-4846.73
-6870.5
236531
234748
232554
229858
226550
195504
52421.5
-3130.23
-4846.73
-6870.5
236531
234748
232554
229858
226550
195503
52421.5
-3130.23
-4846.73
-6870.5
236531
234748
232554
229858
226550
195504
52421.6
-3130.23
-4846.73
-6870.49
236531
234748
232554
229858
226550
195504
52421.6
-3130.23
-4846.73
-6870.49
236531
234748
232554
229858
226550
195504
52421.6
-3130.23
-4846.73
-6870.49
236531
234748
232554
229858
226550
195504
52421.6
-3130.23
-4846.72
-6870.49
236531
234748
232554
229858
226550
195504
52421.7
-3130.23
-4846.72
-6870.49
236531
234748
232554
229858
226550
195504
52421.7
-3130.23
-4846.72
-6870.49
236531
234748
232554
229858
226550
195504
52421.8
-3130.23
-4846.72
-6870.49
236531
234748
232554
229858
226550
195504
52421.9
-3130.22
-4846.72
-6870.49
236531
234748
232554
229858
226550
195504
52422
-3130.22
-4846.72
-6870.48
236531
234748
232554
229858
226550
195504
52422
-3130.22
-4846.72
-6870.48
236531
234748
232554
229858
226550
195504
52422.1
-3130.22
-4846.72
-6870.48
236531
234748
232554
229858
226550
195504
52422.1
-3130.22
-4846.71
-6870.48
236531
234748
232554
229858
226550
195504
52422.2
-3130.22
-4846.71
-6870.48
236531
234748
232554
229858
226550
195504
52422.1
-3130.22
-4846.71
-6870.48
236531
234748
232554
229858
226550
195504
52422.1
-3130.22
-4846.71
-6870.48
236531
234748
232554
229858
226550
195504
52422.1
-3130.22
-4846.71
-6870.48
236531
234748
232554
229858
226550
195505
52422.2
-3130.22
-4846.71
-6870.48
236531
234748
232554
229858
226550
195505
52422.3
-3130.22
-4846.71
-6870.48
236531
234748
232554
229858
226550
195504
52422.1
-3130.22
-4846.72
-6870.48
236531
234748
232554
229858
226550
195504
52422
-3130.22
-4846.72
-6870.48
236531
234748
232554
229858
226550
195504
52421.9
-3130.22
-4846.72
-6870.48
236531
234748
232554
229858
226550
195504
52422
-3130.22
-4846.72
-6870.48
236531
234748
232554
229858
226550
195504
52422
-3130.22
-4846.72
-6870.49
236531
234748
232554
229858
226550
195504
52421.9
-3130.22
-4846.72
-6870.49
236531
234748
232554
229858
226550
195504
52421.6
-3130.23
-4846.72
-6870.49
236531
234748
232554
229858
226550
195503
52421.6
-3130.23
-4846.72
-6870.49
236531
234748
232554
229858
226550
195504
52421.7
-3130.23
-4846.72
-6870.49
236531
234748
232554
229858
226550
195504
52422
-3130.22
-4846.72
-6870.49
236531
234748
232554
229858
226550
195504
52422
-3130.22
-4846.72
-6870.48
236531
234748
232554
229858
226550
195504
52421.9
-3130.22
-4846.72
-6870.48
236531
234748
232554
229858
226550
195504
52421.8
-3130.22
-4846.72
-6870.48
236531
234748
232554
229858
226550
195504
52421.9
-3130.22
-4846.72
-6870.48
236531
234748
232554
229858
226550
195504
52422.1
-3130.22
-4846.72
-6870.48
236531
234748
232554
229858
226550
195504
52422.1
-3130.22
-4846.72
-6870.48
236531
234748
232554
229858
226550
195504
52422
-3130.22
-4846.72
-6870.48
236531
234748
232554
229858
226550
195504
52422
-3130.22
-4846.72
-6870.48
236531
234748
232554
229858
226550
195504
52422.1
-3130.22
-4846.71
-6870.48
236531
234748
232554
229858
226550
195505
52422.2
-3130.22
-4846.71
-6870.48
236531
234748
232554
229858
226550
195505
52422.3
-3130.22
-4846.71
-6870.48
236531
234748
232554
229858
226550
195504
52422.2
-3130.22
-4846.71
-6870.48
236531
234748
232554
229858
226550
195504
52422.1
-3130.22
-4846.71
-6870.48
236531
234748
232554
229858
226550
195504
52422.2
-3130.22
-4846.71
-6870.48
236531
234748
232554
229858
226550
195505
52422.3
-3130.22
-4846.71
-6870.48
236531
234748
232554
229858
226550
195504
52422.1
-3130.22
-4846.71
-6870.48
236531
234748
232554
229858
226550
195504
52421.9
-3130.22
-4846.72
-6870.48
236531
234748
232554
229858
226550
195504
52421.8
-3130.22
-4846.72
-6870.48
236531
234748
232554
229858
226550
195504
52421.9
-3130.22
-4846.72
-6870.48
236531
234748
232554
229858
226550
195504
52421.9
-3130.22
-4846.72
-6870.48
236531
234748
232554
229858
226550
195504
52421.8
-3130.22
-4846.72
-6870.48
236531
234748
232554
229858
226550
195504
52421.8
-3130.22
-4846.72
-6870.48
236531
234748
232554
229858
226550
195504
52422
-3130.22
-4846.72
-6870.48
236531
234748
232554
229858
226550
195504
52422
-3130.22
-4846.72
-6870.48
236531
234748
232554
229858
226550
195504
52421.8
-3130.22
-4846.72
-6870.49
236531
234748
232554
229858
226550
195504
52421.7
-3130.23
-4846.72
-6870.49
236531
234748
232554
229858
226550
195504
52421.7
-3130.23
-4846.72
-6870.49
236531
234748
232554
229858
226550
195504
52421.7
-3130.23
-4846.72
-6870.48
236531
234748
232554
229858
226550
195504
52421.7
-3130.23
-4846.72
-6870.48
236531
234748
232554
229858
226550
195504
52421.6
-3130.23
-4846.72
-6870.48
236531
234748
232554
229858
226550
195504
52421.6
-3130.22
-4846.71
-6870.47
236531
234748
232554
229858
226550
195504
52421.6
-3130.22
-4846.71
-6870.46
236531
234748
232554
229858
226550
195504
52421.7
-3130.21
-4846.7
-6870.45
236531
234748
232554
229858
226550
195504
52421.9
-3130.2
-4846.68
-6870.42
236531
234748
232554
229858
226550
195504
52422.1
-3130.18
-4846.65
-6870.38
236531
234748
232554
229858
226550
195504
52422.4
-3130.15
-4846.59
-6870.3
236531
234748
232554
229858
226550
195505
52423.3
-3130.09
-4846.5
-6870.18
236531
234748
232554
229858
226550
195506
52424.8
-3129.99
-4846.33
-6869.97
236531
234748
232554
229858
226550
195507
52427.7
-3129.79
-4846.03
-6869.61
236531
234748
232554
229859
226551
195514
52434.8
-3129.39
-4845.47
-6869
-9020.51
-11056.1
-12916.4
-14594.6
-16088.2
-17399.4
-18534.8
-19504.4
-20320.9
-20999.2
-21555
-22004.3
-22362.7
-22644.9
-22864.2
-23032.4
-23159.9
-23255.3
-23325.8
-23377.3
-23414.5
-23441
-23459.7
-23472.8
-23481.8
-23487.9
-23492.1
-23494.9
-23496.7
-23497.9
-23498.7
-23499.2
-23499.5
-23499.7
-23499.8
-23499.9
-23499.9
-23500
-23500
-23500
-23500
-23500
-23500
-23500
-23500
-23500
-23500
-23500
-23500
-23500
-23500
-23500
-23500
-23500
-23500
-23500
-23500
-23500
-23500
-23500
-23500
-23500
-23500
-23500
-23500
-23500
-23500
-23500
-23500
-23500
-23500
-23500
-23500
-23500
-23500
-23500
-23500
-23500
-23500
-23500
-9020
-11055.7
-12916.1
-14594.4
-16088
-17399.4
-18534.8
-19504.3
-20320.9
-20999.2
-21554.9
-22004.3
-22362.7
-22644.9
-22864.2
-23032.4
-23159.9
-23255.3
-23325.8
-23377.3
-23414.5
-23441
-23459.7
-23472.8
-23481.8
-23487.9
-23492.1
-23494.9
-23496.7
-23497.9
-23498.7
-23499.2
-23499.5
-23499.7
-23499.8
-23499.9
-23499.9
-23500
-23500
-23500
-23500
-23500
-23500
-23500
-23500
-23500
-23500
-23500
-23500
-23500
-23500
-23500
-23500
-23500
-23500
-23500
-23500
-23500
-23500
-23500
-23500
-23500
-23500
-23500
-23500
-23500
-23500
-23500
-23500
-23500
-23500
-23500
-23500
-23500
-23500
-23500
-23500
-23500
-23500
-23500
-9019.68
-11055.4
-12915.9
-14594.2
-16087.9
-17399.3
-18534.7
-19504.3
-20320.9
-20999.1
-21554.9
-22004.3
-22362.7
-22644.9
-22864.2
-23032.4
-23159.9
-23255.3
-23325.8
-23377.3
-23414.5
-23441
-23459.7
-23472.8
-23481.8
-23487.9
-23492.1
-23494.9
-23496.7
-23497.9
-23498.7
-23499.2
-23499.5
-23499.7
-23499.8
-23499.9
-23499.9
-23500
-23500
-23500
-23500
-23500
-23500
-23500
-23500
-23500
-23500
-23500
-23500
-23500
-23500
-23500
-23500
-23500
-23500
-23500
-23500
-23500
-23500
-23500
-23500
-23500
-23500
-23500
-23500
-23500
-23500
-23500
-23500
-23500
-23500
-23500
-23500
-23500
-23500
-23500
-23500
-23500
-23500
-23500
-9019.48
-11055.2
-12915.7
-14594.1
-16087.8
-17399.2
-18534.7
-19504.3
-20320.8
-20999.1
-21554.9
-22004.2
-22362.7
-22644.9
-22864.2
-23032.4
-23159.9
-23255.3
-23325.8
-23377.3
-23414.5
-23441
-23459.7
-23472.8
-23481.8
-23487.9
-23492.1
-23494.9
-23496.7
-23497.9
-23498.7
-23499.2
-23499.5
-23499.7
-23499.8
-23499.9
-23499.9
-23500
-23500
-23500
-23500
-23500
-23500
-23500
-23500
-23500
-23500
-23500
-23500
-23500
-23500
-23500
-23500
-23500
-23500
-23500
-23500
-23500
-23500
-23500
-23500
-23500
-23500
-23500
-23500
-23500
-23500
-23500
-23500
-23500
-23500
-23500
-23500
-23500
-23500
-23500
-23500
-23500
-23500
-23500
-9019.36
-11055.1
-12915.6
-14594
-16087.8
-17399.2
-18534.6
-19504.2
-20320.8
-20999.1
-21554.9
-22004.2
-22362.7
-22644.9
-22864.2
-23032.4
-23159.9
-23255.3
-23325.8
-23377.3
-23414.5
-23441
-23459.7
-23472.8
-23481.8
-23487.9
-23492.1
-23494.9
-23496.7
-23497.9
-23498.7
-23499.2
-23499.5
-23499.7
-23499.8
-23499.9
-23499.9
-23500
-23500
-23500
-23500
-23500
-23500
-23500
-23500
-23500
-23500
-23500
-23500
-23500
-23500
-23500
-23500
-23500
-23500
-23500
-23500
-23500
-23500
-23500
-23500
-23500
-23500
-23500
-23500
-23500
-23500
-23500
-23500
-23500
-23500
-23500
-23500
-23500
-23500
-23500
-23500
-23500
-23500
-23500
-9019.28
-11055
-12915.6
-14593.9
-16087.7
-17399.1
-18534.6
-19504.2
-20320.8
-20999.1
-21554.9
-22004.2
-22362.7
-22644.9
-22864.2
-23032.4
-23159.9
-23255.3
-23325.8
-23377.3
-23414.5
-23441
-23459.7
-23472.8
-23481.8
-23487.9
-23492.1
-23494.9
-23496.7
-23497.9
-23498.7
-23499.2
-23499.5
-23499.7
-23499.8
-23499.9
-23499.9
-23500
-23500
-23500
-23500
-23500
-23500
-23500
-23500
-23500
-23500
-23500
-23500
-23500
-23500
-23500
-23500
-23500
-23500
-23500
-23500
-23500
-23500
-23500
-23500
-23500
-23500
-23500
-23500
-23500
-23500
-23500
-23500
-23500
-23500
-23500
-23500
-23500
-23500
-23500
-23500
-23500
-23500
-23500
-9019.24
-11055
-12915.5
-14593.9
-16087.7
-17399.1
-18534.6
-19504.2
-20320.8
-20999.1
-21554.9
-22004.2
-22362.7
-22644.9
-22864.1
-23032.4
-23159.9
-23255.3
-23325.8
-23377.3
-23414.5
-23441
-23459.7
-23472.8
-23481.8
-23487.9
-23492.1
-23494.9
-23496.7
-23497.9
-23498.7
-23499.2
-23499.5
-23499.7
-23499.8
-23499.9
-23499.9
-23500
-23500
-23500
-23500
-23500
-23500
-23500
-23500
-23500
-23500
-23500
-23500
-23500
-23500
-23500
-23500
-23500
-23500
-23500
-23500
-23500
-23500
-23500
-23500
-23500
-23500
-23500
-23500
-23500
-23500
-23500
-23500
-23500
-23500
-23500
-23500
-23500
-23500
-23500
-23500
-23500
-23500
-23500
-9019.21
-11054.9
-12915.5
-14593.9
-16087.7
-17399.1
-18534.6
-19504.2
-20320.8
-20999.1
-21554.9
-22004.2
-22362.7
-22644.9
-22864.1
-23032.4
-23159.9
-23255.3
-23325.8
-23377.3
-23414.5
-23441
-23459.7
-23472.8
-23481.8
-23487.9
-23492.1
-23494.9
-23496.7
-23497.9
-23498.7
-23499.2
-23499.5
-23499.7
-23499.8
-23499.9
-23499.9
-23500
-23500
-23500
-23500
-23500
-23500
-23500
-23500
-23500
-23500
-23500
-23500
-23500
-23500
-23500
-23500
-23500
-23500
-23500
-23500
-23500
-23500
-23500
-23500
-23500
-23500
-23500
-23500
-23500
-23500
-23500
-23500
-23500
-23500
-23500
-23500
-23500
-23500
-23500
-23500
-23500
-23500
-23500
-9019.19
-11054.9
-12915.5
-14593.9
-16087.7
-17399.1
-18534.6
-19504.2
-20320.8
-20999.1
-21554.9
-22004.2
-22362.7
-22644.8
-22864.1
-23032.4
-23159.9
-23255.3
-23325.8
-23377.3
-23414.5
-23441
-23459.7
-23472.8
-23481.8
-23487.9
-23492.1
-23494.9
-23496.7
-23497.9
-23498.7
-23499.2
-23499.5
-23499.7
-23499.8
-23499.9
-23499.9
-23500
-23500
-23500
-23500
-23500
-23500
-23500
-23500
-23500
-23500
-23500
-23500
-23500
-23500
-23500
-23500
-23500
-23500
-23500
-23500
-23500
-23500
-23500
-23500
-23500
-23500
-23500
-23500
-23500
-23500
-23500
-23500
-23500
-23500
-23500
-23500
-23500
-23500
-23500
-23500
-23500
-23500
-23500
-9019.18
-11054.9
-12915.5
-14593.9
-16087.6
-17399.1
-18534.6
-19504.2
-20320.8
-20999.1
-21554.9
-22004.2
-22362.7
-22644.8
-22864.1
-23032.4
-23159.9
-23255.3
-23325.8
-23377.3
-23414.5
-23441
-23459.7
-23472.8
-23481.8
-23487.9
-23492.1
-23494.9
-23496.7
-23497.9
-23498.7
-23499.2
-23499.5
-23499.7
-23499.8
-23499.9
-23499.9
-23500
-23500
-23500
-23500
-23500
-23500
-23500
-23500
-23500
-23500
-23500
-23500
-23500
-23500
-23500
-23500
-23500
-23500
-23500
-23500
-23500
-23500
-23500
-23500
-23500
-23500
-23500
-23500
-23500
-23500
-23500
-23500
-23500
-23500
-23500
-23500
-23500
-23500
-23500
-23500
-23500
-23500
-23500
-9019.18
-11054.9
-12915.5
-14593.8
-16087.6
-17399.1
-18534.6
-19504.2
-20320.8
-20999.1
-21554.9
-22004.2
-22362.7
-22644.8
-22864.1
-23032.4
-23159.9
-23255.3
-23325.8
-23377.3
-23414.5
-23441
-23459.7
-23472.8
-23481.8
-23487.9
-23492.1
-23494.9
-23496.7
-23497.9
-23498.7
-23499.2
-23499.5
-23499.7
-23499.8
-23499.9
-23499.9
-23500
-23500
-23500
-23500
-23500
-23500
-23500
-23500
-23500
-23500
-23500
-23500
-23500
-23500
-23500
-23500
-23500
-23500
-23500
-23500
-23500
-23500
-23500
-23500
-23500
-23500
-23500
-23500
-23500
-23500
-23500
-23500
-23500
-23500
-23500
-23500
-23500
-23500
-23500
-23500
-23500
-23500
-23500
-9019.17
-11054.9
-12915.5
-14593.8
-16087.6
-17399.1
-18534.6
-19504.2
-20320.8
-20999.1
-21554.9
-22004.2
-22362.7
-22644.8
-22864.1
-23032.4
-23159.9
-23255.3
-23325.8
-23377.3
-23414.5
-23441
-23459.7
-23472.8
-23481.8
-23487.9
-23492.1
-23494.9
-23496.7
-23497.9
-23498.7
-23499.2
-23499.5
-23499.7
-23499.8
-23499.9
-23499.9
-23500
-23500
-23500
-23500
-23500
-23500
-23500
-23500
-23500
-23500
-23500
-23500
-23500
-23500
-23500
-23500
-23500
-23500
-23500
-23500
-23500
-23500
-23500
-23500
-23500
-23500
-23500
-23500
-23500
-23500
-23500
-23500
-23500
-23500
-23500
-23500
-23500
-23500
-23500
-23500
-23500
-23500
-23500
-9019.17
-11054.9
-12915.5
-14593.8
-16087.6
-17399.1
-18534.6
-19504.2
-20320.8
-20999.1
-21554.9
-22004.2
-22362.7
-22644.8
-22864.1
-23032.4
-23159.9
-23255.3
-23325.8
-23377.3
-23414.5
-23441
-23459.7
-23472.8
-23481.8
-23487.9
-23492.1
-23494.9
-23496.7
-23497.9
-23498.7
-23499.2
-23499.5
-23499.7
-23499.8
-23499.9
-23499.9
-23500
-23500
-23500
-23500
-23500
-23500
-23500
-23500
-23500
-23500
-23500
-23500
-23500
-23500
-23500
-23500
-23500
-23500
-23500
-23500
-23500
-23500
-23500
-23500
-23500
-23500
-23500
-23500
-23500
-23500
-23500
-23500
-23500
-23500
-23500
-23500
-23500
-23500
-23500
-23500
-23500
-23500
-23500
-9019.17
-11054.9
-12915.5
-14593.8
-16087.6
-17399.1
-18534.6
-19504.2
-20320.8
-20999.1
-21554.9
-22004.2
-22362.7
-22644.8
-22864.1
-23032.4
-23159.9
-23255.3
-23325.8
-23377.3
-23414.5
-23441
-23459.7
-23472.8
-23481.8
-23487.9
-23492.1
-23494.9
-23496.7
-23497.9
-23498.7
-23499.2
-23499.5
-23499.7
-23499.8
-23499.9
-23499.9
-23500
-23500
-23500
-23500
-23500
-23500
-23500
-23500
-23500
-23500
-23500
-23500
-23500
-23500
-23500
-23500
-23500
-23500
-23500
-23500
-23500
-23500
-23500
-23500
-23500
-23500
-23500
-23500
-23500
-23500
-23500
-23500
-23500
-23500
-23500
-23500
-23500
-23500
-23500
-23500
-23500
-23500
-23500
-9019.16
-11054.9
-12915.5
-14593.8
-16087.6
-17399.1
-18534.6
-19504.2
-20320.8
-20999.1
-21554.9
-22004.2
-22362.7
-22644.8
-22864.1
-23032.4
-23159.9
-23255.3
-23325.8
-23377.3
-23414.5
-23441
-23459.7
-23472.8
-23481.8
-23487.9
-23492.1
-23494.9
-23496.7
-23497.9
-23498.7
-23499.2
-23499.5
-23499.7
-23499.8
-23499.9
-23499.9
-23500
-23500
-23500
-23500
-23500
-23500
-23500
-23500
-23500
-23500
-23500
-23500
-23500
-23500
-23500
-23500
-23500
-23500
-23500
-23500
-23500
-23500
-23500
-23500
-23500
-23500
-23500
-23500
-23500
-23500
-23500
-23500
-23500
-23500
-23500
-23500
-23500
-23500
-23500
-23500
-23500
-23500
-23500
-9019.16
-11054.9
-12915.5
-14593.8
-16087.6
-17399.1
-18534.5
-19504.2
-20320.8
-20999.1
-21554.9
-22004.2
-22362.7
-22644.8
-22864.1
-23032.4
-23159.9
-23255.3
-23325.8
-23377.3
-23414.5
-23441
-23459.7
-23472.8
-23481.8
-23487.9
-23492.1
-23494.9
-23496.7
-23497.9
-23498.7
-23499.2
-23499.5
-23499.7
-23499.8
-23499.9
-23499.9
-23500
-23500
-23500
-23500
-23500
-23500
-23500
-23500
-23500
-23500
-23500
-23500
-23500
-23500
-23500
-23500
-23500
-23500
-23500
-23500
-23500
-23500
-23500
-23500
-23500
-23500
-23500
-23500
-23500
-23500
-23500
-23500
-23500
-23500
-23500
-23500
-23500
-23500
-23500
-23500
-23500
-23500
-23500
-9019.16
-11054.9
-12915.5
-14593.8
-16087.6
-17399.1
-18534.5
-19504.2
-20320.8
-20999.1
-21554.9
-22004.2
-22362.7
-22644.8
-22864.1
-23032.4
-23159.9
-23255.3
-23325.8
-23377.3
-23414.5
-23441
-23459.7
-23472.8
-23481.8
-23487.9
-23492.1
-23494.9
-23496.7
-23497.9
-23498.7
-23499.2
-23499.5
-23499.7
-23499.8
-23499.9
-23499.9
-23500
-23500
-23500
-23500
-23500
-23500
-23500
-23500
-23500
-23500
-23500
-23500
-23500
-23500
-23500
-23500
-23500
-23500
-23500
-23500
-23500
-23500
-23500
-23500
-23500
-23500
-23500
-23500
-23500
-23500
-23500
-23500
-23500
-23500
-23500
-23500
-23500
-23500
-23500
-23500
-23500
-23500
-23500
-9019.16
-11054.9
-12915.5
-14593.8
-16087.6
-17399.1
-18534.5
-19504.2
-20320.8
-20999.1
-21554.9
-22004.2
-22362.7
-22644.8
-22864.1
-23032.4
-23159.9
-23255.3
-23325.8
-23377.3
-23414.5
-23441
-23459.7
-23472.8
-23481.8
-23487.9
-23492.1
-23494.9
-23496.7
-23497.9
-23498.7
-23499.2
-23499.5
-23499.7
-23499.8
-23499.9
-23499.9
-23500
-23500
-23500
-23500
-23500
-23500
-23500
-23500
-23500
-23500
-23500
-23500
-23500
-23500
-23500
-23500
-23500
-23500
-23500
-23500
-23500
-23500
-23500
-23500
-23500
-23500
-23500
-23500
-23500
-23500
-23500
-23500
-23500
-23500
-23500
-23500
-23500
-23500
-23500
-23500
-23500
-23500
-23500
-9019.16
-11054.9
-12915.5
-14593.8
-16087.6
-17399
-18534.5
-19504.2
-20320.8
-20999.1
-21554.9
-22004.2
-22362.7
-22644.8
-22864.1
-23032.4
-23159.9
-23255.3
-23325.8
-23377.3
-23414.5
-23441
-23459.7
-23472.8
-23481.8
-23487.9
-23492.1
-23494.9
-23496.7
-23497.9
-23498.7
-23499.2
-23499.5
-23499.7
-23499.8
-23499.9
-23499.9
-23500
-23500
-23500
-23500
-23500
-23500
-23500
-23500
-23500
-23500
-23500
-23500
-23500
-23500
-23500
-23500
-23500
-23500
-23500
-23500
-23500
-23500
-23500
-23500
-23500
-23500
-23500
-23500
-23500
-23500
-23500
-23500
-23500
-23500
-23500
-23500
-23500
-23500
-23500
-23500
-23500
-23500
-23500
-9019.16
-11054.9
-12915.5
-14593.8
-16087.6
-17399
-18534.5
-19504.2
-20320.8
-20999.1
-21554.9
-22004.2
-22362.7
-22644.8
-22864.1
-23032.4
-23159.9
-23255.3
-23325.8
-23377.3
-23414.5
-23441
-23459.7
-23472.8
-23481.8
-23487.9
-23492.1
-23494.9
-23496.7
-23497.9
-23498.7
-23499.2
-23499.5
-23499.7
-23499.8
-23499.9
-23499.9
-23500
-23500
-23500
-23500
-23500
-23500
-23500
-23500
-23500
-23500
-23500
-23500
-23500
-23500
-23500
-23500
-23500
-23500
-23500
-23500
-23500
-23500
-23500
-23500
-23500
-23500
-23500
-23500
-23500
-23500
-23500
-23500
-23500
-23500
-23500
-23500
-23500
-23500
-23500
-23500
-23500
-23500
-23500
-9019.16
-11054.9
-12915.5
-14593.8
-16087.6
-17399
-18534.5
-19504.2
-20320.8
-20999.1
-21554.9
-22004.2
-22362.7
-22644.8
-22864.1
-23032.4
-23159.9
-23255.3
-23325.8
-23377.3
-23414.5
-23441
-23459.7
-23472.8
-23481.8
-23487.9
-23492.1
-23494.9
-23496.7
-23497.9
-23498.7
-23499.2
-23499.5
-23499.7
-23499.8
-23499.9
-23499.9
-23500
-23500
-23500
-23500
-23500
-23500
-23500
-23500
-23500
-23500
-23500
-23500
-23500
-23500
-23500
-23500
-23500
-23500
-23500
-23500
-23500
-23500
-23500
-23500
-23500
-23500
-23500
-23500
-23500
-23500
-23500
-23500
-23500
-23500
-23500
-23500
-23500
-23500
-23500
-23500
-23500
-23500
-23500
-9019.16
-11054.9
-12915.5
-14593.8
-16087.6
-17399
-18534.5
-19504.2
-20320.8
-20999.1
-21554.9
-22004.2
-22362.7
-22644.8
-22864.1
-23032.4
-23159.9
-23255.3
-23325.8
-23377.3
-23414.5
-23441
-23459.7
-23472.8
-23481.8
-23487.9
-23492.1
-23494.9
-23496.7
-23497.9
-23498.7
-23499.2
-23499.5
-23499.7
-23499.8
-23499.9
-23499.9
-23500
-23500
-23500
-23500
-23500
-23500
-23500
-23500
-23500
-23500
-23500
-23500
-23500
-23500
-23500
-23500
-23500
-23500
-23500
-23500
-23500
-23500
-23500
-23500
-23500
-23500
-23500
-23500
-23500
-23500
-23500
-23500
-23500
-23500
-23500
-23500
-23500
-23500
-23500
-23500
-23500
-23500
-23500
-9019.16
-11054.9
-12915.5
-14593.8
-16087.6
-17399
-18534.5
-19504.2
-20320.8
-20999.1
-21554.9
-22004.2
-22362.7
-22644.8
-22864.1
-23032.4
-23159.9
-23255.3
-23325.8
-23377.3
-23414.5
-23441
-23459.7
-23472.8
-23481.8
-23487.9
-23492.1
-23494.9
-23496.7
-23497.9
-23498.7
-23499.2
-23499.5
-23499.7
-23499.8
-23499.9
-23499.9
-23500
-23500
-23500
-23500
-23500
-23500
-23500
-23500
-23500
-23500
-23500
-23500
-23500
-23500
-23500
-23500
-23500
-23500
-23500
-23500
-23500
-23500
-23500
-23500
-23500
-23500
-23500
-23500
-23500
-23500
-23500
-23500
-23500
-23500
-23500
-23500
-23500
-23500
-23500
-23500
-23500
-23500
-23500
-9019.16
-11054.9
-12915.5
-14593.8
-16087.6
-17399
-18534.5
-19504.2
-20320.8
-20999.1
-21554.9
-22004.2
-22362.7
-22644.8
-22864.1
-23032.4
-23159.9
-23255.3
-23325.8
-23377.3
-23414.5
-23441
-23459.7
-23472.8
-23481.8
-23487.9
-23492.1
-23494.9
-23496.7
-23497.9
-23498.7
-23499.2
-23499.5
-23499.7
-23499.8
-23499.9
-23499.9
-23500
-23500
-23500
-23500
-23500
-23500
-23500
-23500
-23500
-23500
-23500
-23500
-23500
-23500
-23500
-23500
-23500
-23500
-23500
-23500
-23500
-23500
-23500
-23500
-23500
-23500
-23500
-23500
-23500
-23500
-23500
-23500
-23500
-23500
-23500
-23500
-23500
-23500
-23500
-23500
-23500
-23500
-23500
-9019.16
-11054.9
-12915.5
-14593.8
-16087.6
-17399
-18534.5
-19504.2
-20320.8
-20999.1
-21554.9
-22004.2
-22362.7
-22644.8
-22864.1
-23032.4
-23159.9
-23255.3
-23325.8
-23377.3
-23414.5
-23441
-23459.7
-23472.8
-23481.8
-23487.9
-23492.1
-23494.9
-23496.7
-23497.9
-23498.7
-23499.2
-23499.5
-23499.7
-23499.8
-23499.9
-23499.9
-23500
-23500
-23500
-23500
-23500
-23500
-23500
-23500
-23500
-23500
-23500
-23500
-23500
-23500
-23500
-23500
-23500
-23500
-23500
-23500
-23500
-23500
-23500
-23500
-23500
-23500
-23500
-23500
-23500
-23500
-23500
-23500
-23500
-23500
-23500
-23500
-23500
-23500
-23500
-23500
-23500
-23500
-23500
-9019.15
-11054.9
-12915.5
-14593.8
-16087.6
-17399
-18534.5
-19504.2
-20320.8
-20999.1
-21554.9
-22004.2
-22362.7
-22644.8
-22864.1
-23032.4
-23159.9
-23255.3
-23325.8
-23377.3
-23414.5
-23441
-23459.7
-23472.8
-23481.8
-23487.9
-23492.1
-23494.9
-23496.7
-23497.9
-23498.7
-23499.2
-23499.5
-23499.7
-23499.8
-23499.9
-23499.9
-23500
-23500
-23500
-23500
-23500
-23500
-23500
-23500
-23500
-23500
-23500
-23500
-23500
-23500
-23500
-23500
-23500
-23500
-23500
-23500
-23500
-23500
-23500
-23500
-23500
-23500
-23500
-23500
-23500
-23500
-23500
-23500
-23500
-23500
-23500
-23500
-23500
-23500
-23500
-23500
-23500
-23500
-23500
-9019.15
-11054.9
-12915.5
-14593.8
-16087.6
-17399
-18534.5
-19504.2
-20320.8
-20999.1
-21554.9
-22004.2
-22362.7
-22644.8
-22864.1
-23032.4
-23159.9
-23255.3
-23325.8
-23377.3
-23414.5
-23441
-23459.7
-23472.8
-23481.8
-23487.9
-23492.1
-23494.9
-23496.7
-23497.9
-23498.7
-23499.2
-23499.5
-23499.7
-23499.8
-23499.9
-23499.9
-23500
-23500
-23500
-23500
-23500
-23500
-23500
-23500
-23500
-23500
-23500
-23500
-23500
-23500
-23500
-23500
-23500
-23500
-23500
-23500
-23500
-23500
-23500
-23500
-23500
-23500
-23500
-23500
-23500
-23500
-23500
-23500
-23500
-23500
-23500
-23500
-23500
-23500
-23500
-23500
-23500
-23500
-23500
-9019.16
-11054.9
-12915.5
-14593.8
-16087.6
-17399
-18534.5
-19504.2
-20320.8
-20999.1
-21554.9
-22004.2
-22362.7
-22644.8
-22864.1
-23032.4
-23159.9
-23255.3
-23325.8
-23377.3
-23414.5
-23441
-23459.7
-23472.8
-23481.8
-23487.9
-23492.1
-23494.9
-23496.7
-23497.9
-23498.7
-23499.2
-23499.5
-23499.7
-23499.8
-23499.9
-23499.9
-23500
-23500
-23500
-23500
-23500
-23500
-23500
-23500
-23500
-23500
-23500
-23500
-23500
-23500
-23500
-23500
-23500
-23500
-23500
-23500
-23500
-23500
-23500
-23500
-23500
-23500
-23500
-23500
-23500
-23500
-23500
-23500
-23500
-23500
-23500
-23500
-23500
-23500
-23500
-23500
-23500
-23500
-23500
-9019.16
-11054.9
-12915.5
-14593.8
-16087.6
-17399
-18534.5
-19504.2
-20320.8
-20999.1
-21554.9
-22004.2
-22362.7
-22644.8
-22864.1
-23032.4
-23159.9
-23255.3
-23325.8
-23377.3
-23414.5
-23441
-23459.7
-23472.8
-23481.8
-23487.9
-23492.1
-23494.9
-23496.7
-23497.9
-23498.7
-23499.2
-23499.5
-23499.7
-23499.8
-23499.9
-23499.9
-23500
-23500
-23500
-23500
-23500
-23500
-23500
-23500
-23500
-23500
-23500
-23500
-23500
-23500
-23500
-23500
-23500
-23500
-23500
-23500
-23500
-23500
-23500
-23500
-23500
-23500
-23500
-23500
-23500
-23500
-23500
-23500
-23500
-23500
-23500
-23500
-23500
-23500
-23500
-23500
-23500
-23500
-23500
-9019.16
-11054.9
-12915.5
-14593.8
-16087.6
-17399
-18534.5
-19504.2
-20320.8
-20999.1
-21554.9
-22004.2
-22362.7
-22644.8
-22864.1
-23032.4
-23159.9
-23255.3
-23325.8
-23377.3
-23414.5
-23441
-23459.7
-23472.8
-23481.8
-23487.9
-23492.1
-23494.9
-23496.7
-23497.9
-23498.7
-23499.2
-23499.5
-23499.7
-23499.8
-23499.9
-23499.9
-23500
-23500
-23500
-23500
-23500
-23500
-23500
-23500
-23500
-23500
-23500
-23500
-23500
-23500
-23500
-23500
-23500
-23500
-23500
-23500
-23500
-23500
-23500
-23500
-23500
-23500
-23500
-23500
-23500
-23500
-23500
-23500
-23500
-23500
-23500
-23500
-23500
-23500
-23500
-23500
-23500
-23500
-23500
-9019.16
-11054.9
-12915.5
-14593.8
-16087.6
-17399
-18534.5
-19504.2
-20320.8
-20999.1
-21554.9
-22004.2
-22362.7
-22644.8
-22864.1
-23032.4
-23159.9
-23255.3
-23325.8
-23377.3
-23414.5
-23441
-23459.7
-23472.8
-23481.8
-23487.9
-23492.1
-23494.9
-23496.7
-23497.9
-23498.7
-23499.2
-23499.5
-23499.7
-23499.8
-23499.9
-23499.9
-23500
-23500
-23500
-23500
-23500
-23500
-23500
-23500
-23500
-23500
-23500
-23500
-23500
-23500
-23500
-23500
-23500
-23500
-23500
-23500
-23500
-23500
-23500
-23500
-23500
-23500
-23500
-23500
-23500
-23500
-23500
-23500
-23500
-23500
-23500
-23500
-23500
-23500
-23500
-23500
-23500
-23500
-23500
-9019.16
-11054.9
-12915.5
-14593.8
-16087.6
-17399
-18534.5
-19504.2
-20320.8
-20999.1
-21554.9
-22004.2
-22362.7
-22644.8
-22864.1
-23032.4
-23159.9
-23255.3
-23325.8
-23377.3
-23414.5
-23441
-23459.7
-23472.8
-23481.8
-23487.9
-23492.1
-23494.9
-23496.7
-23497.9
-23498.7
-23499.2
-23499.5
-23499.7
-23499.8
-23499.9
-23499.9
-23500
-23500
-23500
-23500
-23500
-23500
-23500
-23500
-23500
-23500
-23500
-23500
-23500
-23500
-23500
-23500
-23500
-23500
-23500
-23500
-23500
-23500
-23500
-23500
-23500
-23500
-23500
-23500
-23500
-23500
-23500
-23500
-23500
-23500
-23500
-23500
-23500
-23500
-23500
-23500
-23500
-23500
-23500
-9019.16
-11054.9
-12915.5
-14593.8
-16087.6
-17399
-18534.5
-19504.2
-20320.8
-20999.1
-21554.9
-22004.2
-22362.7
-22644.8
-22864.1
-23032.4
-23159.9
-23255.3
-23325.8
-23377.3
-23414.5
-23441
-23459.7
-23472.8
-23481.8
-23487.9
-23492.1
-23494.9
-23496.7
-23497.9
-23498.7
-23499.2
-23499.5
-23499.7
-23499.8
-23499.9
-23499.9
-23500
-23500
-23500
-23500
-23500
-23500
-23500
-23500
-23500
-23500
-23500
-23500
-23500
-23500
-23500
-23500
-23500
-23500
-23500
-23500
-23500
-23500
-23500
-23500
-23500
-23500
-23500
-23500
-23500
-23500
-23500
-23500
-23500
-23500
-23500
-23500
-23500
-23500
-23500
-23500
-23500
-23500
-23500
-9019.16
-11054.9
-12915.5
-14593.8
-16087.6
-17399
-18534.5
-19504.2
-20320.8
-20999.1
-21554.9
-22004.2
-22362.7
-22644.8
-22864.1
-23032.4
-23159.9
-23255.3
-23325.8
-23377.3
-23414.5
-23441
-23459.7
-23472.8
-23481.8
-23487.9
-23492.1
-23494.9
-23496.7
-23497.9
-23498.7
-23499.2
-23499.5
-23499.7
-23499.8
-23499.9
-23499.9
-23500
-23500
-23500
-23500
-23500
-23500
-23500
-23500
-23500
-23500
-23500
-23500
-23500
-23500
-23500
-23500
-23500
-23500
-23500
-23500
-23500
-23500
-23500
-23500
-23500
-23500
-23500
-23500
-23500
-23500
-23500
-23500
-23500
-23500
-23500
-23500
-23500
-23500
-23500
-23500
-23500
-23500
-23500
-9019.16
-11054.9
-12915.5
-14593.8
-16087.6
-17399
-18534.5
-19504.2
-20320.8
-20999.1
-21554.9
-22004.2
-22362.7
-22644.8
-22864.1
-23032.4
-23159.9
-23255.3
-23325.8
-23377.3
-23414.5
-23441
-23459.7
-23472.8
-23481.8
-23487.9
-23492.1
-23494.9
-23496.7
-23497.9
-23498.7
-23499.2
-23499.5
-23499.7
-23499.8
-23499.9
-23499.9
-23500
-23500
-23500
-23500
-23500
-23500
-23500
-23500
-23500
-23500
-23500
-23500
-23500
-23500
-23500
-23500
-23500
-23500
-23500
-23500
-23500
-23500
-23500
-23500
-23500
-23500
-23500
-23500
-23500
-23500
-23500
-23500
-23500
-23500
-23500
-23500
-23500
-23500
-23500
-23500
-23500
-23500
-23500
-9019.16
-11054.9
-12915.5
-14593.8
-16087.6
-17399
-18534.5
-19504.2
-20320.8
-20999.1
-21554.9
-22004.2
-22362.7
-22644.8
-22864.1
-23032.4
-23159.9
-23255.3
-23325.8
-23377.3
-23414.5
-23441
-23459.7
-23472.8
-23481.8
-23487.9
-23492.1
-23494.9
-23496.7
-23497.9
-23498.7
-23499.2
-23499.5
-23499.7
-23499.8
-23499.9
-23499.9
-23500
-23500
-23500
-23500
-23500
-23500
-23500
-23500
-23500
-23500
-23500
-23500
-23500
-23500
-23500
-23500
-23500
-23500
-23500
-23500
-23500
-23500
-23500
-23500
-23500
-23500
-23500
-23500
-23500
-23500
-23500
-23500
-23500
-23500
-23500
-23500
-23500
-23500
-23500
-23500
-23500
-23500
-23500
-9019.16
-11054.9
-12915.5
-14593.8
-16087.6
-17399
-18534.5
-19504.2
-20320.8
-20999.1
-21554.9
-22004.2
-22362.7
-22644.8
-22864.1
-23032.4
-23159.9
-23255.3
-23325.8
-23377.3
-23414.5
-23441
-23459.7
-23472.8
-23481.8
-23487.9
-23492.1
-23494.9
-23496.7
-23497.9
-23498.7
-23499.2
-23499.5
-23499.7
-23499.8
-23499.9
-23499.9
-23500
-23500
-23500
-23500
-23500
-23500
-23500
-23500
-23500
-23500
-23500
-23500
-23500
-23500
-23500
-23500
-23500
-23500
-23500
-23500
-23500
-23500
-23500
-23500
-23500
-23500
-23500
-23500
-23500
-23500
-23500
-23500
-23500
-23500
-23500
-23500
-23500
-23500
-23500
-23500
-23500
-23500
-23500
-9019.16
-11054.9
-12915.5
-14593.8
-16087.6
-17399
-18534.5
-19504.2
-20320.8
-20999.1
-21554.9
-22004.2
-22362.7
-22644.8
-22864.1
-23032.4
-23159.9
-23255.3
-23325.8
-23377.3
-23414.5
-23441
-23459.7
-23472.8
-23481.8
-23487.9
-23492.1
-23494.9
-23496.7
-23497.9
-23498.7
-23499.2
-23499.5
-23499.7
-23499.8
-23499.9
-23499.9
-23500
-23500
-23500
-23500
-23500
-23500
-23500
-23500
-23500
-23500
-23500
-23500
-23500
-23500
-23500
-23500
-23500
-23500
-23500
-23500
-23500
-23500
-23500
-23500
-23500
-23500
-23500
-23500
-23500
-23500
-23500
-23500
-23500
-23500
-23500
-23500
-23500
-23500
-23500
-23500
-23500
-23500
-23500
-9019.16
-11054.9
-12915.5
-14593.8
-16087.6
-17399
-18534.5
-19504.2
-20320.8
-20999.1
-21554.9
-22004.2
-22362.7
-22644.8
-22864.1
-23032.4
-23159.9
-23255.3
-23325.8
-23377.3
-23414.5
-23441
-23459.7
-23472.8
-23481.8
-23487.9
-23492.1
-23494.9
-23496.7
-23497.9
-23498.7
-23499.2
-23499.5
-23499.7
-23499.8
-23499.9
-23499.9
-23500
-23500
-23500
-23500
-23500
-23500
-23500
-23500
-23500
-23500
-23500
-23500
-23500
-23500
-23500
-23500
-23500
-23500
-23500
-23500
-23500
-23500
-23500
-23500
-23500
-23500
-23500
-23500
-23500
-23500
-23500
-23500
-23500
-23500
-23500
-23500
-23500
-23500
-23500
-23500
-23500
-23500
-23500
-9019.16
-11054.9
-12915.5
-14593.8
-16087.6
-17399
-18534.5
-19504.2
-20320.8
-20999.1
-21554.9
-22004.2
-22362.7
-22644.8
-22864.1
-23032.4
-23159.9
-23255.3
-23325.8
-23377.3
-23414.5
-23441
-23459.7
-23472.8
-23481.8
-23487.9
-23492.1
-23494.9
-23496.7
-23497.9
-23498.7
-23499.2
-23499.5
-23499.7
-23499.8
-23499.9
-23499.9
-23500
-23500
-23500
-23500
-23500
-23500
-23500
-23500
-23500
-23500
-23500
-23500
-23500
-23500
-23500
-23500
-23500
-23500
-23500
-23500
-23500
-23500
-23500
-23500
-23500
-23500
-23500
-23500
-23500
-23500
-23500
-23500
-23500
-23500
-23500
-23500
-23500
-23500
-23500
-23500
-23500
-23500
-23500
-9019.16
-11054.9
-12915.5
-14593.8
-16087.6
-17399
-18534.5
-19504.2
-20320.8
-20999.1
-21554.9
-22004.2
-22362.7
-22644.8
-22864.1
-23032.4
-23159.9
-23255.3
-23325.8
-23377.3
-23414.5
-23441
-23459.7
-23472.8
-23481.8
-23487.9
-23492.1
-23494.9
-23496.7
-23497.9
-23498.7
-23499.2
-23499.5
-23499.7
-23499.8
-23499.9
-23499.9
-23500
-23500
-23500
-23500
-23500
-23500
-23500
-23500
-23500
-23500
-23500
-23500
-23500
-23500
-23500
-23500
-23500
-23500
-23500
-23500
-23500
-23500
-23500
-23500
-23500
-23500
-23500
-23500
-23500
-23500
-23500
-23500
-23500
-23500
-23500
-23500
-23500
-23500
-23500
-23500
-23500
-23500
-23500
-9019.16
-11054.9
-12915.5
-14593.8
-16087.6
-17399
-18534.5
-19504.2
-20320.8
-20999.1
-21554.9
-22004.2
-22362.7
-22644.8
-22864.1
-23032.4
-23159.9
-23255.3
-23325.8
-23377.3
-23414.5
-23441
-23459.7
-23472.8
-23481.8
-23487.9
-23492.1
-23494.9
-23496.7
-23497.9
-23498.7
-23499.2
-23499.5
-23499.7
-23499.8
-23499.9
-23499.9
-23500
-23500
-23500
-23500
-23500
-23500
-23500
-23500
-23500
-23500
-23500
-23500
-23500
-23500
-23500
-23500
-23500
-23500
-23500
-23500
-23500
-23500
-23500
-23500
-23500
-23500
-23500
-23500
-23500
-23500
-23500
-23500
-23500
-23500
-23500
-23500
-23500
-23500
-23500
-23500
-23500
-23500
-23500
-9019.16
-11054.9
-12915.5
-14593.8
-16087.6
-17399
-18534.5
-19504.2
-20320.8
-20999.1
-21554.9
-22004.2
-22362.7
-22644.8
-22864.1
-23032.4
-23159.9
-23255.3
-23325.8
-23377.3
-23414.5
-23441
-23459.7
-23472.8
-23481.8
-23487.9
-23492.1
-23494.9
-23496.7
-23497.9
-23498.7
-23499.2
-23499.5
-23499.7
-23499.8
-23499.9
-23499.9
-23500
-23500
-23500
-23500
-23500
-23500
-23500
-23500
-23500
-23500
-23500
-23500
-23500
-23500
-23500
-23500
-23500
-23500
-23500
-23500
-23500
-23500
-23500
-23500
-23500
-23500
-23500
-23500
-23500
-23500
-23500
-23500
-23500
-23500
-23500
-23500
-23500
-23500
-23500
-23500
-23500
-23500
-23500
-9019.16
-11054.9
-12915.5
-14593.8
-16087.6
-17399
-18534.5
-19504.2
-20320.8
-20999.1
-21554.9
-22004.2
-22362.7
-22644.8
-22864.1
-23032.4
-23159.9
-23255.3
-23325.8
-23377.3
-23414.5
-23441
-23459.7
-23472.8
-23481.8
-23487.9
-23492.1
-23494.9
-23496.7
-23497.9
-23498.7
-23499.2
-23499.5
-23499.7
-23499.8
-23499.9
-23499.9
-23500
-23500
-23500
-23500
-23500
-23500
-23500
-23500
-23500
-23500
-23500
-23500
-23500
-23500
-23500
-23500
-23500
-23500
-23500
-23500
-23500
-23500
-23500
-23500
-23500
-23500
-23500
-23500
-23500
-23500
-23500
-23500
-23500
-23500
-23500
-23500
-23500
-23500
-23500
-23500
-23500
-23500
-23500
-9019.16
-11054.9
-12915.5
-14593.8
-16087.6
-17399
-18534.5
-19504.2
-20320.8
-20999.1
-21554.9
-22004.2
-22362.7
-22644.8
-22864.1
-23032.4
-23159.9
-23255.3
-23325.8
-23377.3
-23414.5
-23441
-23459.7
-23472.8
-23481.8
-23487.9
-23492.1
-23494.9
-23496.7
-23497.9
-23498.7
-23499.2
-23499.5
-23499.7
-23499.8
-23499.9
-23499.9
-23500
-23500
-23500
-23500
-23500
-23500
-23500
-23500
-23500
-23500
-23500
-23500
-23500
-23500
-23500
-23500
-23500
-23500
-23500
-23500
-23500
-23500
-23500
-23500
-23500
-23500
-23500
-23500
-23500
-23500
-23500
-23500
-23500
-23500
-23500
-23500
-23500
-23500
-23500
-23500
-23500
-23500
-23500
-9019.16
-11054.9
-12915.5
-14593.8
-16087.6
-17399
-18534.5
-19504.2
-20320.8
-20999.1
-21554.9
-22004.2
-22362.7
-22644.8
-22864.1
-23032.4
-23159.9
-23255.3
-23325.8
-23377.3
-23414.5
-23441
-23459.7
-23472.8
-23481.8
-23487.9
-23492.1
-23494.9
-23496.7
-23497.9
-23498.7
-23499.2
-23499.5
-23499.7
-23499.8
-23499.9
-23499.9
-23500
-23500
-23500
-23500
-23500
-23500
-23500
-23500
-23500
-23500
-23500
-23500
-23500
-23500
-23500
-23500
-23500
-23500
-23500
-23500
-23500
-23500
-23500
-23500
-23500
-23500
-23500
-23500
-23500
-23500
-23500
-23500
-23500
-23500
-23500
-23500
-23500
-23500
-23500
-23500
-23500
-23500
-23500
-9019.16
-11054.9
-12915.5
-14593.8
-16087.6
-17399
-18534.5
-19504.2
-20320.8
-20999.1
-21554.9
-22004.2
-22362.7
-22644.8
-22864.1
-23032.4
-23159.9
-23255.3
-23325.8
-23377.3
-23414.5
-23441
-23459.7
-23472.8
-23481.8
-23487.9
-23492.1
-23494.9
-23496.7
-23497.9
-23498.7
-23499.2
-23499.5
-23499.7
-23499.8
-23499.9
-23499.9
-23500
-23500
-23500
-23500
-23500
-23500
-23500
-23500
-23500
-23500
-23500
-23500
-23500
-23500
-23500
-23500
-23500
-23500
-23500
-23500
-23500
-23500
-23500
-23500
-23500
-23500
-23500
-23500
-23500
-23500
-23500
-23500
-23500
-23500
-23500
-23500
-23500
-23500
-23500
-23500
-23500
-23500
-23500
-9019.16
-11054.9
-12915.5
-14593.8
-16087.6
-17399
-18534.5
-19504.2
-20320.8
-20999.1
-21554.9
-22004.2
-22362.7
-22644.8
-22864.1
-23032.4
-23159.9
-23255.3
-23325.8
-23377.3
-23414.5
-23441
-23459.7
-23472.8
-23481.8
-23487.9
-23492.1
-23494.9
-23496.7
-23497.9
-23498.7
-23499.2
-23499.5
-23499.7
-23499.8
-23499.9
-23499.9
-23500
-23500
-23500
-23500
-23500
-23500
-23500
-23500
-23500
-23500
-23500
-23500
-23500
-23500
-23500
-23500
-23500
-23500
-23500
-23500
-23500
-23500
-23500
-23500
-23500
-23500
-23500
-23500
-23500
-23500
-23500
-23500
-23500
-23500
-23500
-23500
-23500
-23500
-23500
-23500
-23500
-23500
-23500
-9019.15
-11054.9
-12915.5
-14593.8
-16087.6
-17399
-18534.5
-19504.2
-20320.8
-20999.1
-21554.9
-22004.2
-22362.7
-22644.8
-22864.1
-23032.4
-23159.9
-23255.3
-23325.8
-23377.3
-23414.5
-23441
-23459.7
-23472.8
-23481.8
-23487.9
-23492.1
-23494.9
-23496.7
-23497.9
-23498.7
-23499.2
-23499.5
-23499.7
-23499.8
-23499.9
-23499.9
-23500
-23500
-23500
-23500
-23500
-23500
-23500
-23500
-23500
-23500
-23500
-23500
-23500
-23500
-23500
-23500
-23500
-23500
-23500
-23500
-23500
-23500
-23500
-23500
-23500
-23500
-23500
-23500
-23500
-23500
-23500
-23500
-23500
-23500
-23500
-23500
-23500
-23500
-23500
-23500
-23500
-23500
-23500
-9019.15
-11054.9
-12915.5
-14593.8
-16087.6
-17399
-18534.5
-19504.2
-20320.8
-20999.1
-21554.9
-22004.2
-22362.7
-22644.8
-22864.1
-23032.4
-23159.9
-23255.3
-23325.8
-23377.3
-23414.5
-23441
-23459.7
-23472.8
-23481.8
-23487.9
-23492.1
-23494.9
-23496.7
-23497.9
-23498.7
-23499.2
-23499.5
-23499.7
-23499.8
-23499.9
-23499.9
-23500
-23500
-23500
-23500
-23500
-23500
-23500
-23500
-23500
-23500
-23500
-23500
-23500
-23500
-23500
-23500
-23500
-23500
-23500
-23500
-23500
-23500
-23500
-23500
-23500
-23500
-23500
-23500
-23500
-23500
-23500
-23500
-23500
-23500
-23500
-23500
-23500
-23500
-23500
-23500
-23500
-23500
-23500
-9019.15
-11054.9
-12915.5
-14593.8
-16087.6
-17399
-18534.5
-19504.2
-20320.8
-20999.1
-21554.9
-22004.2
-22362.7
-22644.8
-22864.1
-23032.4
-23159.9
-23255.3
-23325.8
-23377.3
-23414.5
-23441
-23459.7
-23472.8
-23481.8
-23487.9
-23492.1
-23494.9
-23496.7
-23497.9
-23498.7
-23499.2
-23499.5
-23499.7
-23499.8
-23499.9
-23499.9
-23500
-23500
-23500
-23500
-23500
-23500
-23500
-23500
-23500
-23500
-23500
-23500
-23500
-23500
-23500
-23500
-23500
-23500
-23500
-23500
-23500
-23500
-23500
-23500
-23500
-23500
-23500
-23500
-23500
-23500
-23500
-23500
-23500
-23500
-23500
-23500
-23500
-23500
-23500
-23500
-23500
-23500
-23500
-9019.15
-11054.9
-12915.5
-14593.8
-16087.6
-17399
-18534.5
-19504.2
-20320.8
-20999.1
-21554.9
-22004.2
-22362.7
-22644.8
-22864.1
-23032.4
-23159.9
-23255.3
-23325.8
-23377.3
-23414.5
-23441
-23459.7
-23472.8
-23481.8
-23487.9
-23492.1
-23494.9
-23496.7
-23497.9
-23498.7
-23499.2
-23499.5
-23499.7
-23499.8
-23499.9
-23499.9
-23500
-23500
-23500
-23500
-23500
-23500
-23500
-23500
-23500
-23500
-23500
-23500
-23500
-23500
-23500
-23500
-23500
-23500
-23500
-23500
-23500
-23500
-23500
-23500
-23500
-23500
-23500
-23500
-23500
-23500
-23500
-23500
-23500
-23500
-23500
-23500
-23500
-23500
-23500
-23500
-23500
-23500
-23500
-9019.15
-11054.9
-12915.5
-14593.8
-16087.6
-17399
-18534.5
-19504.2
-20320.8
-20999.1
-21554.9
-22004.2
-22362.7
-22644.8
-22864.1
-23032.4
-23159.9
-23255.3
-23325.8
-23377.3
-23414.5
-23441
-23459.7
-23472.8
-23481.8
-23487.9
-23492.1
-23494.9
-23496.7
-23497.9
-23498.7
-23499.2
-23499.5
-23499.7
-23499.8
-23499.9
-23499.9
-23500
-23500
-23500
-23500
-23500
-23500
-23500
-23500
-23500
-23500
-23500
-23500
-23500
-23500
-23500
-23500
-23500
-23500
-23500
-23500
-23500
-23500
-23500
-23500
-23500
-23500
-23500
-23500
-23500
-23500
-23500
-23500
-23500
-23500
-23500
-23500
-23500
-23500
-23500
-23500
-23500
-23500
-23500
-9019.15
-11054.9
-12915.5
-14593.8
-16087.6
-17399
-18534.5
-19504.2
-20320.8
-20999.1
-21554.9
-22004.2
-22362.7
-22644.8
-22864.1
-23032.4
-23159.9
-23255.3
-23325.8
-23377.3
-23414.5
-23441
-23459.7
-23472.8
-23481.8
-23487.9
-23492.1
-23494.9
-23496.7
-23497.9
-23498.7
-23499.2
-23499.5
-23499.7
-23499.8
-23499.9
-23499.9
-23500
-23500
-23500
-23500
-23500
-23500
-23500
-23500
-23500
-23500
-23500
-23500
-23500
-23500
-23500
-23500
-23500
-23500
-23500
-23500
-23500
-23500
-23500
-23500
-23500
-23500
-23500
-23500
-23500
-23500
-23500
-23500
-23500
-23500
-23500
-23500
-23500
-23500
-23500
-23500
-23500
-23500
-23500
-9019.15
-11054.9
-12915.5
-14593.8
-16087.6
-17399
-18534.5
-19504.2
-20320.8
-20999.1
-21554.9
-22004.2
-22362.7
-22644.8
-22864.1
-23032.4
-23159.9
-23255.3
-23325.8
-23377.3
-23414.5
-23441
-23459.7
-23472.8
-23481.8
-23487.9
-23492.1
-23494.9
-23496.7
-23497.9
-23498.7
-23499.2
-23499.5
-23499.7
-23499.8
-23499.9
-23499.9
-23500
-23500
-23500
-23500
-23500
-23500
-23500
-23500
-23500
-23500
-23500
-23500
-23500
-23500
-23500
-23500
-23500
-23500
-23500
-23500
-23500
-23500
-23500
-23500
-23500
-23500
-23500
-23500
-23500
-23500
-23500
-23500
-23500
-23500
-23500
-23500
-23500
-23500
-23500
-23500
-23500
-23500
-23500
-9019.16
-11054.9
-12915.5
-14593.8
-16087.6
-17399
-18534.5
-19504.2
-20320.8
-20999.1
-21554.9
-22004.2
-22362.7
-22644.8
-22864.1
-23032.4
-23159.9
-23255.3
-23325.8
-23377.3
-23414.5
-23441
-23459.7
-23472.8
-23481.8
-23487.9
-23492.1
-23494.9
-23496.7
-23497.9
-23498.7
-23499.2
-23499.5
-23499.7
-23499.8
-23499.9
-23499.9
-23500
-23500
-23500
-23500
-23500
-23500
-23500
-23500
-23500
-23500
-23500
-23500
-23500
-23500
-23500
-23500
-23500
-23500
-23500
-23500
-23500
-23500
-23500
-23500
-23500
-23500
-23500
-23500
-23500
-23500
-23500
-23500
-23500
-23500
-23500
-23500
-23500
-23500
-23500
-23500
-23500
-23500
-23500
-9019.16
-11054.9
-12915.5
-14593.8
-16087.6
-17399
-18534.5
-19504.2
-20320.8
-20999.1
-21554.9
-22004.2
-22362.7
-22644.8
-22864.1
-23032.4
-23159.9
-23255.3
-23325.8
-23377.3
-23414.5
-23441
-23459.7
-23472.8
-23481.8
-23487.9
-23492.1
-23494.9
-23496.7
-23497.9
-23498.7
-23499.2
-23499.5
-23499.7
-23499.8
-23499.9
-23499.9
-23500
-23500
-23500
-23500
-23500
-23500
-23500
-23500
-23500
-23500
-23500
-23500
-23500
-23500
-23500
-23500
-23500
-23500
-23500
-23500
-23500
-23500
-23500
-23500
-23500
-23500
-23500
-23500
-23500
-23500
-23500
-23500
-23500
-23500
-23500
-23500
-23500
-23500
-23500
-23500
-23500
-23500
-23500
-9019.16
-11054.9
-12915.5
-14593.8
-16087.6
-17399
-18534.5
-19504.2
-20320.8
-20999.1
-21554.9
-22004.2
-22362.7
-22644.8
-22864.1
-23032.4
-23159.9
-23255.3
-23325.8
-23377.3
-23414.5
-23441
-23459.7
-23472.8
-23481.8
-23487.9
-23492.1
-23494.9
-23496.7
-23497.9
-23498.7
-23499.2
-23499.5
-23499.7
-23499.8
-23499.9
-23499.9
-23500
-23500
-23500
-23500
-23500
-23500
-23500
-23500
-23500
-23500
-23500
-23500
-23500
-23500
-23500
-23500
-23500
-23500
-23500
-23500
-23500
-23500
-23500
-23500
-23500
-23500
-23500
-23500
-23500
-23500
-23500
-23500
-23500
-23500
-23500
-23500
-23500
-23500
-23500
-23500
-23500
-23500
-23500
-9019.16
-11054.9
-12915.5
-14593.8
-16087.6
-17399
-18534.5
-19504.2
-20320.8
-20999.1
-21554.9
-22004.2
-22362.7
-22644.8
-22864.1
-23032.4
-23159.9
-23255.3
-23325.8
-23377.3
-23414.5
-23441
-23459.7
-23472.8
-23481.8
-23487.9
-23492.1
-23494.9
-23496.7
-23497.9
-23498.7
-23499.2
-23499.5
-23499.7
-23499.8
-23499.9
-23499.9
-23500
-23500
-23500
-23500
-23500
-23500
-23500
-23500
-23500
-23500
-23500
-23500
-23500
-23500
-23500
-23500
-23500
-23500
-23500
-23500
-23500
-23500
-23500
-23500
-23500
-23500
-23500
-23500
-23500
-23500
-23500
-23500
-23500
-23500
-23500
-23500
-23500
-23500
-23500
-23500
-23500
-23500
-23500
-9019.16
-11054.9
-12915.5
-14593.8
-16087.6
-17399
-18534.5
-19504.2
-20320.8
-20999.1
-21554.9
-22004.2
-22362.7
-22644.8
-22864.1
-23032.4
-23159.9
-23255.3
-23325.8
-23377.3
-23414.5
-23441
-23459.7
-23472.8
-23481.8
-23487.9
-23492.1
-23494.9
-23496.7
-23497.9
-23498.7
-23499.2
-23499.5
-23499.7
-23499.8
-23499.9
-23499.9
-23500
-23500
-23500
-23500
-23500
-23500
-23500
-23500
-23500
-23500
-23500
-23500
-23500
-23500
-23500
-23500
-23500
-23500
-23500
-23500
-23500
-23500
-23500
-23500
-23500
-23500
-23500
-23500
-23500
-23500
-23500
-23500
-23500
-23500
-23500
-23500
-23500
-23500
-23500
-23500
-23500
-23500
-23500
-9019.16
-11054.9
-12915.5
-14593.8
-16087.6
-17399
-18534.5
-19504.2
-20320.8
-20999.1
-21554.9
-22004.2
-22362.7
-22644.8
-22864.1
-23032.4
-23159.9
-23255.3
-23325.8
-23377.3
-23414.5
-23441
-23459.7
-23472.8
-23481.8
-23487.9
-23492.1
-23494.9
-23496.7
-23497.9
-23498.7
-23499.2
-23499.5
-23499.7
-23499.8
-23499.9
-23499.9
-23500
-23500
-23500
-23500
-23500
-23500
-23500
-23500
-23500
-23500
-23500
-23500
-23500
-23500
-23500
-23500
-23500
-23500
-23500
-23500
-23500
-23500
-23500
-23500
-23500
-23500
-23500
-23500
-23500
-23500
-23500
-23500
-23500
-23500
-23500
-23500
-23500
-23500
-23500
-23500
-23500
-23500
-23500
-9019.16
-11054.9
-12915.5
-14593.8
-16087.6
-17399
-18534.5
-19504.2
-20320.8
-20999.1
-21554.9
-22004.2
-22362.7
-22644.8
-22864.1
-23032.4
-23159.9
-23255.3
-23325.8
-23377.3
-23414.5
-23441
-23459.7
-23472.8
-23481.8
-23487.9
-23492.1
-23494.9
-23496.7
-23497.9
-23498.7
-23499.2
-23499.5
-23499.7
-23499.8
-23499.9
-23499.9
-23500
-23500
-23500
-23500
-23500
-23500
-23500
-23500
-23500
-23500
-23500
-23500
-23500
-23500
-23500
-23500
-23500
-23500
-23500
-23500
-23500
-23500
-23500
-23500
-23500
-23500
-23500
-23500
-23500
-23500
-23500
-23500
-23500
-23500
-23500
-23500
-23500
-23500
-23500
-23500
-23500
-23500
-23500
-9019.16
-11054.9
-12915.5
-14593.8
-16087.6
-17399
-18534.5
-19504.2
-20320.8
-20999.1
-21554.9
-22004.2
-22362.7
-22644.8
-22864.1
-23032.4
-23159.9
-23255.3
-23325.8
-23377.3
-23414.5
-23441
-23459.7
-23472.8
-23481.8
-23487.9
-23492.1
-23494.9
-23496.7
-23497.9
-23498.7
-23499.2
-23499.5
-23499.7
-23499.8
-23499.9
-23499.9
-23500
-23500
-23500
-23500
-23500
-23500
-23500
-23500
-23500
-23500
-23500
-23500
-23500
-23500
-23500
-23500
-23500
-23500
-23500
-23500
-23500
-23500
-23500
-23500
-23500
-23500
-23500
-23500
-23500
-23500
-23500
-23500
-23500
-23500
-23500
-23500
-23500
-23500
-23500
-23500
-23500
-23500
-23500
-9019.16
-11054.9
-12915.5
-14593.8
-16087.6
-17399
-18534.5
-19504.2
-20320.8
-20999.1
-21554.9
-22004.2
-22362.7
-22644.8
-22864.1
-23032.4
-23159.9
-23255.3
-23325.8
-23377.3
-23414.5
-23441
-23459.7
-23472.8
-23481.8
-23487.9
-23492.1
-23494.9
-23496.7
-23497.9
-23498.7
-23499.2
-23499.5
-23499.7
-23499.8
-23499.9
-23499.9
-23500
-23500
-23500
-23500
-23500
-23500
-23500
-23500
-23500
-23500
-23500
-23500
-23500
-23500
-23500
-23500
-23500
-23500
-23500
-23500
-23500
-23500
-23500
-23500
-23500
-23500
-23500
-23500
-23500
-23500
-23500
-23500
-23500
-23500
-23500
-23500
-23500
-23500
-23500
-23500
-23500
-23500
-23500
-9019.16
-11054.9
-12915.5
-14593.8
-16087.6
-17399
-18534.5
-19504.2
-20320.8
-20999.1
-21554.9
-22004.2
-22362.7
-22644.8
-22864.1
-23032.4
-23159.9
-23255.3
-23325.8
-23377.3
-23414.5
-23441
-23459.7
-23472.8
-23481.8
-23487.9
-23492.1
-23494.9
-23496.7
-23497.9
-23498.7
-23499.2
-23499.5
-23499.7
-23499.8
-23499.9
-23499.9
-23500
-23500
-23500
-23500
-23500
-23500
-23500
-23500
-23500
-23500
-23500
-23500
-23500
-23500
-23500
-23500
-23500
-23500
-23500
-23500
-23500
-23500
-23500
-23500
-23500
-23500
-23500
-23500
-23500
-23500
-23500
-23500
-23500
-23500
-23500
-23500
-23500
-23500
-23500
-23500
-23500
-23500
-23500
-9019.16
-11054.9
-12915.5
-14593.8
-16087.6
-17399
-18534.5
-19504.2
-20320.8
-20999.1
-21554.9
-22004.2
-22362.7
-22644.8
-22864.1
-23032.4
-23159.9
-23255.3
-23325.8
-23377.3
-23414.5
-23441
-23459.7
-23472.8
-23481.8
-23487.9
-23492.1
-23494.9
-23496.7
-23497.9
-23498.7
-23499.2
-23499.5
-23499.7
-23499.8
-23499.9
-23499.9
-23500
-23500
-23500
-23500
-23500
-23500
-23500
-23500
-23500
-23500
-23500
-23500
-23500
-23500
-23500
-23500
-23500
-23500
-23500
-23500
-23500
-23500
-23500
-23500
-23500
-23500
-23500
-23500
-23500
-23500
-23500
-23500
-23500
-23500
-23500
-23500
-23500
-23500
-23500
-23500
-23500
-23500
-23500
-9019.16
-11054.9
-12915.5
-14593.8
-16087.6
-17399
-18534.5
-19504.2
-20320.8
-20999.1
-21554.9
-22004.2
-22362.7
-22644.8
-22864.1
-23032.4
-23159.9
-23255.3
-23325.8
-23377.3
-23414.5
-23441
-23459.7
-23472.8
-23481.8
-23487.9
-23492.1
-23494.9
-23496.7
-23497.9
-23498.7
-23499.2
-23499.5
-23499.7
-23499.8
-23499.9
-23499.9
-23500
-23500
-23500
-23500
-23500
-23500
-23500
-23500
-23500
-23500
-23500
-23500
-23500
-23500
-23500
-23500
-23500
-23500
-23500
-23500
-23500
-23500
-23500
-23500
-23500
-23500
-23500
-23500
-23500
-23500
-23500
-23500
-23500
-23500
-23500
-23500
-23500
-23500
-23500
-23500
-23500
-23500
-23500
-9019.16
-11054.9
-12915.4
-14593.8
-16087.6
-17399
-18534.5
-19504.2
-20320.8
-20999.1
-21554.9
-22004.2
-22362.7
-22644.8
-22864.1
-23032.4
-23159.9
-23255.3
-23325.8
-23377.3
-23414.5
-23441
-23459.7
-23472.8
-23481.8
-23487.9
-23492.1
-23494.9
-23496.7
-23497.9
-23498.7
-23499.2
-23499.5
-23499.7
-23499.8
-23499.9
-23499.9
-23500
-23500
-23500
-23500
-23500
-23500
-23500
-23500
-23500
-23500
-23500
-23500
-23500
-23500
-23500
-23500
-23500
-23500
-23500
-23500
-23500
-23500
-23500
-23500
-23500
-23500
-23500
-23500
-23500
-23500
-23500
-23500
-23500
-23500
-23500
-23500
-23500
-23500
-23500
-23500
-23500
-23500
-23500
-9019.15
-11054.9
-12915.4
-14593.8
-16087.6
-17399
-18534.5
-19504.2
-20320.8
-20999.1
-21554.9
-22004.2
-22362.7
-22644.8
-22864.1
-23032.4
-23159.9
-23255.3
-23325.8
-23377.3
-23414.5
-23441
-23459.7
-23472.8
-23481.8
-23487.9
-23492.1
-23494.9
-23496.7
-23497.9
-23498.7
-23499.2
-23499.5
-23499.7
-23499.8
-23499.9
-23499.9
-23500
-23500
-23500
-23500
-23500
-23500
-23500
-23500
-23500
-23500
-23500
-23500
-23500
-23500
-23500
-23500
-23500
-23500
-23500
-23500
-23500
-23500
-23500
-23500
-23500
-23500
-23500
-23500
-23500
-23500
-23500
-23500
-23500
-23500
-23500
-23500
-23500
-23500
-23500
-23500
-23500
-23500
-23500
-9019.15
-11054.9
-12915.4
-14593.8
-16087.6
-17399
-18534.5
-19504.2
-20320.8
-20999.1
-21554.9
-22004.2
-22362.7
-22644.8
-22864.1
-23032.4
-23159.9
-23255.3
-23325.8
-23377.3
-23414.5
-23441
-23459.7
-23472.8
-23481.8
-23487.9
-23492.1
-23494.9
-23496.7
-23497.9
-23498.7
-23499.2
-23499.5
-23499.7
-23499.8
-23499.9
-23499.9
-23500
-23500
-23500
-23500
-23500
-23500
-23500
-23500
-23500
-23500
-23500
-23500
-23500
-23500
-23500
-23500
-23500
-23500
-23500
-23500
-23500
-23500
-23500
-23500
-23500
-23500
-23500
-23500
-23500
-23500
-23500
-23500
-23500
-23500
-23500
-23500
-23500
-23500
-23500
-23500
-23500
-23500
-23500
-9019.14
-11054.9
-12915.4
-14593.8
-16087.6
-17399
-18534.5
-19504.2
-20320.8
-20999.1
-21554.9
-22004.2
-22362.7
-22644.8
-22864.1
-23032.4
-23159.9
-23255.3
-23325.8
-23377.3
-23414.5
-23441
-23459.7
-23472.8
-23481.8
-23487.9
-23492.1
-23494.9
-23496.7
-23497.9
-23498.7
-23499.2
-23499.5
-23499.7
-23499.8
-23499.9
-23499.9
-23500
-23500
-23500
-23500
-23500
-23500
-23500
-23500
-23500
-23500
-23500
-23500
-23500
-23500
-23500
-23500
-23500
-23500
-23500
-23500
-23500
-23500
-23500
-23500
-23500
-23500
-23500
-23500
-23500
-23500
-23500
-23500
-23500
-23500
-23500
-23500
-23500
-23500
-23500
-23500
-23500
-23500
-23500
-9019.13
-11054.9
-12915.4
-14593.8
-16087.6
-17399
-18534.5
-19504.1
-20320.7
-20999.1
-21554.9
-22004.2
-22362.6
-22644.8
-22864.1
-23032.4
-23159.9
-23255.3
-23325.8
-23377.3
-23414.5
-23441
-23459.7
-23472.8
-23481.8
-23487.9
-23492.1
-23494.9
-23496.7
-23497.9
-23498.7
-23499.2
-23499.5
-23499.7
-23499.8
-23499.9
-23499.9
-23500
-23500
-23500
-23500
-23500
-23500
-23500
-23500
-23500
-23500
-23500
-23500
-23500
-23500
-23500
-23500
-23500
-23500
-23500
-23500
-23500
-23500
-23500
-23500
-23500
-23500
-23500
-23500
-23500
-23500
-23500
-23500
-23500
-23500
-23500
-23500
-23500
-23500
-23500
-23500
-23500
-23500
-23500
-9019.11
-11054.8
-12915.4
-14593.8
-16087.6
-17399
-18534.5
-19504.1
-20320.7
-20999.1
-21554.9
-22004.2
-22362.6
-22644.8
-22864.1
-23032.4
-23159.9
-23255.3
-23325.8
-23377.3
-23414.5
-23441
-23459.7
-23472.8
-23481.8
-23487.9
-23492.1
-23494.9
-23496.7
-23497.9
-23498.7
-23499.2
-23499.5
-23499.7
-23499.8
-23499.9
-23499.9
-23500
-23500
-23500
-23500
-23500
-23500
-23500
-23500
-23500
-23500
-23500
-23500
-23500
-23500
-23500
-23500
-23500
-23500
-23500
-23500
-23500
-23500
-23500
-23500
-23500
-23500
-23500
-23500
-23500
-23500
-23500
-23500
-23500
-23500
-23500
-23500
-23500
-23500
-23500
-23500
-23500
-23500
-23500
-9019.08
-11054.8
-12915.4
-14593.7
-16087.6
-17399
-18534.5
-19504.1
-20320.7
-20999.1
-21554.9
-22004.2
-22362.6
-22644.8
-22864.1
-23032.4
-23159.9
-23255.3
-23325.8
-23377.3
-23414.5
-23441
-23459.7
-23472.8
-23481.8
-23487.9
-23492.1
-23494.9
-23496.7
-23497.9
-23498.7
-23499.2
-23499.5
-23499.7
-23499.8
-23499.9
-23499.9
-23500
-23500
-23500
-23500
-23500
-23500
-23500
-23500
-23500
-23500
-23500
-23500
-23500
-23500
-23500
-23500
-23500
-23500
-23500
-23500
-23500
-23500
-23500
-23500
-23500
-23500
-23500
-23500
-23500
-23500
-23500
-23500
-23500
-23500
-23500
-23500
-23500
-23500
-23500
-23500
-23500
-23500
-23500
-9019.03
-11054.7
-12915.3
-14593.7
-16087.5
-17399
-18534.5
-19504.1
-20320.7
-20999
-21554.9
-22004.2
-22362.6
-22644.8
-22864.1
-23032.4
-23159.9
-23255.3
-23325.8
-23377.3
-23414.5
-23441
-23459.7
-23472.8
-23481.8
-23487.9
-23492.1
-23494.9
-23496.7
-23497.9
-23498.7
-23499.2
-23499.5
-23499.7
-23499.8
-23499.9
-23499.9
-23500
-23500
-23500
-23500
-23500
-23500
-23500
-23500
-23500
-23500
-23500
-23500
-23500
-23500
-23500
-23500
-23500
-23500
-23500
-23500
-23500
-23500
-23500
-23500
-23500
-23500
-23500
-23500
-23500
-23500
-23500
-23500
-23500
-23500
-23500
-23500
-23500
-23500
-23500
-23500
-23500
-23500
-23500
-9018.94
-11054.7
-12915.2
-14593.6
-16087.5
-17398.9
-18534.4
-19504.1
-20320.7
-20999
-21554.9
-22004.2
-22362.6
-22644.8
-22864.1
-23032.4
-23159.9
-23255.3
-23325.8
-23377.3
-23414.5
-23441
-23459.7
-23472.8
-23481.8
-23487.9
-23492.1
-23494.9
-23496.7
-23497.9
-23498.7
-23499.2
-23499.5
-23499.7
-23499.8
-23499.9
-23499.9
-23500
-23500
-23500
-23500
-23500
-23500
-23500
-23500
-23500
-23500
-23500
-23500
-23500
-23500
-23500
-23500
-23500
-23500
-23500
-23500
-23500
-23500
-23500
-23500
-23500
-23500
-23500
-23500
-23500
-23500
-23500
-23500
-23500
-23500
-23500
-23500
-23500
-23500
-23500
-23500
-23500
-23500
-23500
-9018.81
-11054.5
-12915.1
-14593.6
-16087.4
-17398.9
-18534.4
-19504.1
-20320.7
-20999
-21554.8
-22004.2
-22362.6
-22644.8
-22864.1
-23032.4
-23159.9
-23255.3
-23325.8
-23377.3
-23414.5
-23441
-23459.7
-23472.8
-23481.8
-23487.9
-23492.1
-23494.9
-23496.7
-23497.9
-23498.7
-23499.2
-23499.5
-23499.7
-23499.8
-23499.9
-23499.9
-23500
-23500
-23500
-23500
-23500
-23500
-23500
-23500
-23500
-23500
-23500
-23500
-23500
-23500
-23500
-23500
-23500
-23500
-23500
-23500
-23500
-23500
-23500
-23500
-23500
-23500
-23500
-23500
-23500
-23500
-23500
-23500
-23500
-23500
-23500
-23500
-23500
-23500
-23500
-23500
-23500
-23500
-23500
-9018.59
-11054.3
-12915
-14593.4
-16087.3
-17398.8
-18534.4
-19504
-20320.7
-20999
-21554.8
-22004.2
-22362.6
-22644.8
-22864.1
-23032.4
-23159.9
-23255.3
-23325.8
-23377.3
-23414.5
-23441
-23459.7
-23472.8
-23481.8
-23487.9
-23492.1
-23494.9
-23496.7
-23497.9
-23498.7
-23499.2
-23499.5
-23499.7
-23499.8
-23499.9
-23499.9
-23500
-23500
-23500
-23500
-23500
-23500
-23500
-23500
-23500
-23500
-23500
-23500
-23500
-23500
-23500
-23500
-23500
-23500
-23500
-23500
-23500
-23500
-23500
-23500
-23500
-23500
-23500
-23500
-23500
-23500
-23500
-23500
-23500
-23500
-23500
-23500
-23500
-23500
-23500
-23500
-23500
-23500
-23500
-9018.24
-11054
-12914.7
-14593.3
-16087.2
-17398.7
-18534.3
-19504
-20320.6
-20999
-21554.8
-22004.2
-22362.6
-22644.8
-22864.1
-23032.4
-23159.9
-23255.3
-23325.8
-23377.3
-23414.5
-23441
-23459.7
-23472.8
-23481.8
-23487.9
-23492.1
-23494.9
-23496.7
-23497.9
-23498.7
-23499.2
-23499.5
-23499.7
-23499.8
-23499.9
-23499.9
-23500
-23500
-23500
-23500
-23500
-23500
-23500
-23500
-23500
-23500
-23500
-23500
-23500
-23500
-23500
-23500
-23500
-23500
-23500
-23500
-23500
-23500
-23500
-23500
-23500
-23500
-23500
-23500
-23500
-23500
-23500
-23500
-23500
-23500
-23500
-23500
-23500
-23500
-23500
-23500
-23500
-23500
-23500
-9017.7
-11053.6
-12914.4
-14593
-16087
-17398.6
-18534.2
-19503.9
-20320.6
-20999
-21554.8
-22004.2
-22362.6
-22644.8
-22864.1
-23032.4
-23159.9
-23255.3
-23325.8
-23377.3
-23414.5
-23441
-23459.7
-23472.8
-23481.8
-23487.9
-23492.1
-23494.9
-23496.7
-23497.9
-23498.7
-23499.2
-23499.5
-23499.7
-23499.8
-23499.9
-23499.9
-23500
-23500
-23500
-23500
-23500
-23500
-23500
-23500
-23500
-23500
-23500
-23500
-23500
-23500
-23500
-23500
-23500
-23500
-23500
-23500
-23500
-23500
-23500
-23500
-23500
-23500
-23500
-23500
-23500
-23500
-23500
-23500
-23500
-23500
-23500
-23500
-23500
-23500
-23500
-23500
-23500
-23500
-23500
-23500
-23500
-23500
-23500
-23500
-23500
-23500
-23500
-23500
-23500
-23500
-23500
-23500
-23500
-23500
-23500
-23500
-23500
-23500
-23500
-23500
-23500
-23500
-23500
-23500
-23500
-23500
-23500
-23500
-23500
-23500
-23500
-23500
-23500
-23500
-23500
-23500
-23500
-23500
-23500
-23500
-23500
-23500
-23500
-23500
-23500
-23500
-23500
-23500
-23500
-23500
-23500
-23500
-23500
-23500
-23500
-23500
-23500
-23500
-23500
-23500
-23500
-23500
-23500
-23500
-23500
-23500
-23500
-23500
-23500
-23500
-23500
-23500
-23500
-23500
-23500
-23500
-23500
-23500
-23500
-23500
-23500
-23500
-23500
-23500
-23500
-23500
-23500
-23500
-23500
-23500
-23500
-23500
-23500
-23500
-23500
-23500
-23500
-23500
-23500
-23500
-23500
-23500
-23500
-23500
-23500
-23500
-23500
-23500
-23500
-23500
-23500
-23500
-23500
-23500
-23500
-23500
-23500
-23500
-23500
-23500
-23500
-23500
-23500
-23500
-23500
-23500
-23500
-23500
-23500
-23500
-23500
-23500
-23500
-23500
-23500
-23500
-23500
-23500
-23500
-23500
-23500
-23500
-23500
-23500
-23500
-23500
-23500
-23500
-23500
-23500
-23500
-23500
-23500
-23500
-23500
-23500
-23500
-23500
-23500
-23500
-23500
-23500
-23500
-23500
-23500
-23500
-23500
-23500
-23500
-23500
-23500
-23500
-23500
-23500
-23500
-23500
-23500
-23500
-23500
-23500
-23500
-23500
-23500
-23500
-23500
-23500
-23500
-23500
-23500
-23500
-23500
-23500
-23500
-23500
-23500
-23500
-23500
-23500
-23500
-23500
-23500
-23500
-23500
-23500
-23500
-23500
-23500
-23500
-23500
-23500
-23500
-23500
-23500
-23500
-23500
-23500
-23500
-23500
-23500
-23500
-23500
-23500
-23500
-23500
-23500
-23500
-23500
-23500
-23500
-23500
-23500
-23500
-23500
-23500
-23500
-23500
-23500
-23500
-23500
-23500
-23500
-23500
-23500
-23500
-23500
-23500
-23500
-23500
-23500
-23500
-23500
-23500
-23500
-23500
-23500
-23500
-23500
-23500
-23500
-23500
-23500
-23500
-23500
-23500
-23500
-23500
-23500
-23500
-23500
-23500
-23500
-23500
-23500
-23500
-23500
-23500
-23500
-23500
-23500
-23500
-23500
-23500
-23500
-23500
-23500
-23500
-23500
-23500
-23500
-23500
-23500
-23500
-23500
-23500
-23500
-23500
-23500
-23500
-23500
-23500
-23500
-23500
-23500
-23500
-23500
-23500
-23500
-23500
-23500
-23500
-23500
-23500
-23500
-23500
-23500
-23500
-23500
-23500
-23500
-23500
-23500
-23500
-23500
-23500
-23500
-23500
-23500
-23500
-23500
-23500
-23500
-23500
-23500
-23500
-23500
-23500
-23500
-23500
-23500
-23500
-23500
-23500
-23500
-23500
-23500
-23500
-23500
-23500
-23500
-23500
-23500
-23500
-23500
-23500
-23500
-23500
-23500
-23500
-23500
-23500
-23500
-23500
-23500
-23500
-23500
-23500
-23500
-23500
-23500
-23500
-23500
-23500
-23500
-23500
-23500
-23500
-23500
-23500
-23500
-23500
-23500
-23500
-23500
-23500
-23500
-23500
-23500
-23500
-23500
-23500
-23500
-23500
-23500
-23500
-23500
-23500
-23500
-23500
-23500
-23500
-23500
-23500
-23500
-23500
-23500
-23500
-23500
-23500
-23500
-23500
-23500
-23500
-23500
-23500
-23500
-23500
-23500
-23500
-23500
-23500
-23500
-23500
-23500
-23500
-23500
-23500
-23500
-23500
-23500
-23500
-23500
-23500
-23500
-23500
-23500
-23500
-23500
-23500
-23500
-23500
-23500
-23500
-23500
-23500
-23500
-23500
-23500
-23500
-23500
-23500
-23500
-23500
-23500
-23500
-23500
-23500
-23500
-23500
-23500
-23500
-23500
-23500
-23500
-23500
-23500
-23500
-23500
-23500
-23500
-23500
-23500
-23500
-23500
-23500
-23500
-23500
-23500
-23500
-23500
-23500
-23500
-23500
-23500
-23500
-23500
-23500
-23500
-23500
-23500
-23500
-23500
-23500
-23500
-23500
-23500
-23500
-23500
-23500
-23500
-23500
-23500
-23500
-23500
-23500
-23500
-23500
-23500
-23500
-23500
-23500
-23500
-23500
-23500
-23500
-23500
-23500
-23500
-23500
-23500
-23500
-23500
-23500
-23500
-23500
-23500
-23500
-23500
-23500
-23500
-23500
-23500
-23500
-23500
-23500
-23500
-23500
-23500
-23500
-23500
-23500
-23500
-23500
-23500
-23500
-23500
-23500
-23500
-23500
-23500
-23500
-23500
-23500
-23500
-23500
-23500
-23500
-23500
-23500
-23500
-23500
-23500
-23500
-23500
-23500
-23500
-23500
-23500
-23500
-23500
-23500
-23500
-23500
-23500
-23500
-23500
-23500
-23500
-23500
-23500
-23500
-23500
-23500
-23500
-23500
-23500
-23500
-23500
-23500
-23500
-23500
-23500
-23500
-23500
-23500
-23500
-23500
-23500
-23500
-23500
-23500
-23500
-23500
-23500
-23500
-23500
-23500
-23500
-23500
-23500
-23500
-23500
-23500
-23500
-23500
-23500
-23500
-23500
-23500
-23500
-23500
-23500
-23500
-23500
-23500
-23500
-23500
-23500
-23500
-23500
-23500
-23500
-23500
-23500
-23500
-23500
-23500
-23500
-23500
-23500
-23500
-23500
-23500
-23500
-23500
-23500
-23500
-23500
-23500
-23500
-23500
-23500
-23500
-23500
-23500
-23500
-23500
-23500
-23500
-23500
-23500
-23500
-23500
-23500
-23500
-23500
-23500
-23500
-23500
-23500
-23500
-23500
-23500
-23500
-23500
-23500
-23500
-23500
-23500
-23500
-23500
-23500
-23500
-23500
-23500
-23500
-23500
-23500
-23500
-23500
-23500
-23500
-23500
-23500
-23500
-23500
-23500
-23500
-23500
-23500
-23500
-23500
-23500
-23500
-23500
-23500
-23500
-23500
-23500
-23500
-23500
-23500
-23500
-23500
-23500
-23500
-23500
-23500
-23500
-23500
-23500
-23500
-23500
-23500
-23500
-23500
-23500
-23500
-23500
-23500
-23500
-23500
-23500
-23500
-23500
-23500
-23500
-23500
-23500
-23500
-23500
-23500
-23500
-23500
-23500
-23500
-23500
-23500
-23500
-23500
-23500
-23500
-23500
-23500
-23500
-23500
-23500
-23500
-23500
-23500
-23500
-23500
-23500
-23500
-23500
-23500
-23500
-23500
-23500
-23500
-23500
-23500
-23500
-23500
-23500
-23500
-23500
-23500
-23500
-23500
-23500
-23500
-23500
-23500
-23500
-23500
-23500
-23500
-23500
-23500
-23500
-23500
-23500
-23500
-23500
-23500
-23500
-23500
-23500
-23500
236531
234748
232555
229859
226551
195538
52453.2
-3128.52
-4844.41
-6867.99
236531
234749
232557
229862
226554
195624
52503.7
-3126.78
-4842.64
-6866.56
236532
234752
232562
229869
226561
195869
52617.7
-3123.94
-4840.3
-6864.98
236535
234760
232575
229886
226579
196396
52820.4
-3120.09
-4837.7
-6863.48
236539
234774
232600
229920
226613
197348
53102.7
-3115.79
-4835.25
-6862.24
236546
234795
232637
229969
226665
198960
53431.8
-3111.77
-4833.27
-6861.33
236552
234816
232674
230020
226721
201208
53756.1
-3108.6
-4831.89
-6860.74
236557
234831
232700
230055
226761
203117
53993.2
-3106.55
-4831.05
-6860.4
236559
234837
232710
230069
226777
203820
54108.2
-3105.48
-4830.62
-6860.23
236559
234836
232709
230068
226778
203544
54137
-3105.09
-4830.46
-6860.17
-9016.9
-11053
-12914
-14592.8
-16086.9
-17398.5
-18534.2
-19503.9
-20320.6
-20998.9
-21554.8
-22004.2
-22362.6
-22644.8
-22864.1
-23032.4
-23159.9
-23255.3
-23325.8
-23377.3
-23414.5
-23441
-23459.7
-23472.8
-23481.8
-23487.9
-23492.1
-23494.9
-23496.7
-23497.9
-23498.7
-23499.2
-23499.5
-23499.7
-23499.8
-23499.9
-23499.9
-23500
-23500
-23500
-23500
-23500
-23500
-23500
-23500
-23500
-23500
-23500
-23500
-23500
-23500
-23500
-23500
-23500
-23500
-23500
-23500
-23500
-23500
-23500
-23500
-23500
-23500
-23500
-23500
-23500
-23500
-23500
-23500
-23500
-23500
-23500
-23500
-23500
-23500
-23500
-23500
-23500
-23500
-23500
-9015.91
-11052.4
-12913.6
-14592.5
-16086.7
-17398.4
-18534.1
-19503.9
-20320.5
-20998.9
-21554.8
-22004.2
-22362.6
-22644.8
-22864.1
-23032.4
-23159.9
-23255.3
-23325.8
-23377.3
-23414.5
-23441
-23459.7
-23472.8
-23481.8
-23487.9
-23492.1
-23494.9
-23496.7
-23497.9
-23498.7
-23499.2
-23499.5
-23499.7
-23499.8
-23499.9
-23499.9
-23500
-23500
-23500
-23500
-23500
-23500
-23500
-23500
-23500
-23500
-23500
-23500
-23500
-23500
-23500
-23500
-23500
-23500
-23500
-23500
-23500
-23500
-23500
-23500
-23500
-23500
-23500
-23500
-23500
-23500
-23500
-23500
-23500
-23500
-23500
-23500
-23500
-23500
-23500
-23500
-23500
-23500
-23500
-9014.95
-11051.8
-12913.3
-14592.3
-16086.6
-17398.3
-18534
-19503.8
-20320.5
-20998.9
-21554.8
-22004.1
-22362.6
-22644.8
-22864.1
-23032.4
-23159.9
-23255.3
-23325.8
-23377.3
-23414.5
-23441
-23459.7
-23472.8
-23481.8
-23487.9
-23492.1
-23494.9
-23496.7
-23497.9
-23498.7
-23499.2
-23499.5
-23499.7
-23499.8
-23499.9
-23499.9
-23500
-23500
-23500
-23500
-23500
-23500
-23500
-23500
-23500
-23500
-23500
-23500
-23500
-23500
-23500
-23500
-23500
-23500
-23500
-23500
-23500
-23500
-23500
-23500
-23500
-23500
-23500
-23500
-23500
-23500
-23500
-23500
-23500
-23500
-23500
-23500
-23500
-23500
-23500
-23500
-23500
-23500
-23500
-9014.13
-11051.4
-12913
-14592.2
-16086.5
-17398.3
-18534
-19503.8
-20320.5
-20998.9
-21554.8
-22004.1
-22362.6
-22644.8
-22864.1
-23032.4
-23159.9
-23255.3
-23325.8
-23377.3
-23414.5
-23441
-23459.7
-23472.8
-23481.8
-23487.9
-23492.1
-23494.9
-23496.7
-23497.9
-23498.7
-23499.2
-23499.5
-23499.7
-23499.8
-23499.9
-23499.9
-23500
-23500
-23500
-23500
-23500
-23500
-23500
-23500
-23500
-23500
-23500
-23500
-23500
-23500
-23500
-23500
-23500
-23500
-23500
-23500
-23500
-23500
-23500
-23500
-23500
-23500
-23500
-23500
-23500
-23500
-23500
-23500
-23500
-23500
-23500
-23500
-23500
-23500
-23500
-23500
-23500
-23500
-23500
-9013.51
-11051.1
-12912.8
-14592.1
-16086.4
-17398.2
-18534
-19503.8
-20320.5
-20998.9
-21554.8
-22004.1
-22362.6
-22644.8
-22864.1
-23032.4
-23159.9
-23255.3
-23325.8
-23377.3
-23414.5
-23441
-23459.7
-23472.8
-23481.8
-23487.9
-23492.1
-23494.9
-23496.7
-23497.9
-23498.7
-23499.2
-23499.5
-23499.7
-23499.8
-23499.9
-23499.9
-23500
-23500
-23500
-23500
-23500
-23500
-23500
-23500
-23500
-23500
-23500
-23500
-23500
-23500
-23500
-23500
-23500
-23500
-23500
-23500
-23500
-23500
-23500
-23500
-23500
-23500
-23500
-23500
-23500
-23500
-23500
-23500
-23500
-23500
-23500
-23500
-23500
-23500
-23500
-23500
-23500
-23500
-23500
-9013.09
-11050.8
-12912.7
-14592
-16086.4
-17398.2
-18534
-19503.8
-20320.5
-20998.9
-21554.8
-22004.1
-22362.6
-22644.8
-22864.1
-23032.4
-23159.9
-23255.3
-23325.8
-23377.3
-23414.5
-23441
-23459.7
-23472.8
-23481.8
-23487.9
-23492.1
-23494.9
-23496.7
-23497.9
-23498.7
-23499.2
-23499.5
-23499.7
-23499.8
-23499.9
-23499.9
-23500
-23500
-23500
-23500
-23500
-23500
-23500
-23500
-23500
-23500
-23500
-23500
-23500
-23500
-23500
-23500
-23500
-23500
-23500
-23500
-23500
-23500
-23500
-23500
-23500
-23500
-23500
-23500
-23500
-23500
-23500
-23500
-23500
-23500
-23500
-23500
-23500
-23500
-23500
-23500
-23500
-23500
-23500
-9012.83
-11050.7
-12912.7
-14592
-16086.4
-17398.2
-18534
-19503.8
-20320.5
-20998.9
-21554.8
-22004.1
-22362.6
-22644.8
-22864.1
-23032.4
-23159.9
-23255.3
-23325.8
-23377.3
-23414.5
-23441
-23459.7
-23472.8
-23481.8
-23487.9
-23492.1
-23494.9
-23496.7
-23497.9
-23498.7
-23499.2
-23499.5
-23499.7
-23499.8
-23499.9
-23499.9
-23500
-23500
-23500
-23500
-23500
-23500
-23500
-23500
-23500
-23500
-23500
-23500
-23500
-23500
-23500
-23500
-23500
-23500
-23500
-23500
-23500
-23500
-23500
-23500
-23500
-23500
-23500
-23500
-23500
-23500
-23500
-23500
-23500
-23500
-23500
-23500
-23500
-23500
-23500
-23500
-23500
-23500
-23500
-9012.68
-11050.6
-12912.6
-14591.9
-16086.4
-17398.2
-18534
-19503.8
-20320.5
-20998.9
-21554.8
-22004.1
-22362.6
-22644.8
-22864.1
-23032.4
-23159.9
-23255.3
-23325.8
-23377.3
-23414.5
-23441
-23459.7
-23472.8
-23481.8
-23487.9
-23492.1
-23494.9
-23496.7
-23497.9
-23498.7
-23499.2
-23499.5
-23499.7
-23499.8
-23499.9
-23499.9
-23500
-23500
-23500
-23500
-23500
-23500
-23500
-23500
-23500
-23500
-23500
-23500
-23500
-23500
-23500
-23500
-23500
-23500
-23500
-23500
-23500
-23500
-23500
-23500
-23500
-23500
-23500
-23500
-23500
-23500
-23500
-23500
-23500
-23500
-23500
-23500
-23500
-23500
-23500
-23500
-23500
-23500
-23500
-9012.6
-11050.6
-12912.6
-14591.9
-16086.3
-17398.2
-18534
-19503.8
-20320.5
-20998.9
-21554.8
-22004.1
-22362.6
-22644.8
-22864.1
-23032.4
-23159.9
-23255.3
-23325.8
-23377.3
-23414.5
-23441
-23459.7
-23472.8
-23481.8
-23487.9
-23492.1
-23494.9
-23496.7
-23497.9
-23498.7
-23499.2
-23499.5
-23499.7
-23499.8
-23499.9
-23499.9
-23500
-23500
-23500
-23500
-23500
-23500
-23500
-23500
-23500
-23500
-23500
-23500
-23500
-23500
-23500
-23500
-23500
-23500
-23500
-23500
-23500
-23500
-23500
-23500
-23500
-23500
-23500
-23500
-23500
-23500
-23500
-23500
-23500
-23500
-23500
-23500
-23500
-23500
-23500
-23500
-23500
-23500
-23500
-9012.57
-11050.6
-12912.6
-14591.9
-16086.3
-17398.2
-18534
-19503.8
-20320.5
-20998.9
-21554.8
-22004.1
-22362.6
-22644.8
-22864.1
-23032.4
-23159.9
-23255.3
-23325.8
-23377.3
-23414.5
-23441
-23459.7
-23472.8
-23481.8
-23487.9
-23492.1
-23494.9
-23496.7
-23497.9
-23498.7
-23499.2
-23499.5
-23499.7
-23499.8
-23499.9
-23499.9
-23500
-23500
-23500
-23500
-23500
-23500
-23500
-23500
-23500
-23500
-23500
-23500
-23500
-23500
-23500
-23500
-23500
-23500
-23500
-23500
-23500
-23500
-23500
-23500
-23500
-23500
-23500
-23500
-23500
-23500
-23500
-23500
-23500
-23500
-23500
-23500
-23500
-23500
-23500
-23500
-23500
-23500
-23500
-23500
-23500
-23500
-23500
-23500
-23500
-23500
-23500
-23500
-23500
-23500
-23500
-23500
-23500
-23500
-23500
-23500
-23500
-23500
-23500
-23500
-23500
-23500
-23500
-23500
-23500
-23500
-23500
-23500
-23500
-23500
-23500
-23500
-23500
-23500
-23500
-23500
-23500
-23500
-23500
-23500
-23500
-23500
-23500
-23500
-23500
-23500
-23500
-23500
-23500
-23500
-23500
-23500
-23500
-23500
-23500
-23500
-23500
-23500
-23500
-23500
-23500
-23500
-23500
-23500
-23500
-23500
-23500
-23500
-23500
-23500
-23500
-23500
-23500
-23500
-23500
-23500
-23500
-23500
-23500
-23500
-23500
-23500
-23500
-23500
-23500
-23500
-23500
-23500
-23500
-23500
-23500
-23500
-23500
-23500
-23500
-23500
-23500
-23500
-23500
)
;

boundaryField
{
    upperWall
    {
        type            calculated;
        value           nonuniform List<scalar> 
100
(
-9012.57
-11050.6
-12912.6
-14591.9
-16086.3
-17398.2
-18534
-19503.8
-20320.5
-20998.9
-21554.8
-22004.1
-22362.6
-22644.8
-22864.1
-23032.4
-23159.9
-23255.3
-23325.8
-23377.3
-23414.5
-23441
-23459.7
-23472.8
-23481.8
-23487.9
-23492.1
-23494.9
-23496.7
-23497.9
-23498.7
-23499.2
-23499.5
-23499.7
-23499.8
-23499.9
-23499.9
-23500
-23500
-23500
-23500
-23500
-23500
-23500
-23500
-23500
-23500
-23500
-23500
-23500
-23500
-23500
-23500
-23500
-23500
-23500
-23500
-23500
-23500
-23500
-23500
-23500
-23500
-23500
-23500
-23500
-23500
-23500
-23500
-23500
-23500
-23500
-23500
-23500
-23500
-23500
-23500
-23500
-23500
-23500
-23500
-23500
-23500
-23500
-23500
-23500
-23500
-23500
-23500
-23500
236559
234836
232709
230068
226778
203544
54137
-3105.09
-4830.46
-6860.17
)
;
    }
    leftWall
    {
        type            calculated;
        value           uniform 237330;
    }
    rightWall
    {
        type            calculated;
        value           uniform -23500;
    }
    lowerWall
    {
        type            calculated;
        value           nonuniform List<scalar> 
100
(
236503
234660
232401
229655
226336
188578
50817
-3154.05
-4862.2
-6880.31
-9025.4
-11058.9
-12918.1
-14595.6
-16088.8
-17399.8
-18535.1
-19504.5
-20321
-20999.2
-21555
-22004.3
-22362.7
-22644.9
-22864.2
-23032.4
-23159.9
-23255.3
-23325.8
-23377.3
-23414.5
-23441
-23459.7
-23472.8
-23481.8
-23487.9
-23492.1
-23494.9
-23496.7
-23497.9
-23498.7
-23499.2
-23499.5
-23499.7
-23499.8
-23499.9
-23499.9
-23500
-23500
-23500
-23500
-23500
-23500
-23500
-23500
-23500
-23500
-23500
-23500
-23500
-23500
-23500
-23500
-23500
-23500
-23500
-23500
-23500
-23500
-23500
-23500
-23500
-23500
-23500
-23500
-23500
-23500
-23500
-23500
-23500
-23500
-23500
-23500
-23500
-23500
-23500
-23500
-23500
-23500
-23500
-23500
-23500
-23500
-23500
-23500
-23500
-23500
-23500
-23500
-23500
)
;
    }
    frontAndBack
    {
        type            empty;
    }
}


// ************************************************************************* //
