/*--------------------------------*- C++ -*----------------------------------*\
| =========                 |                                                 |
| \\      /  F ield         | OpenFOAM: The Open Source CFD Toolbox           |
|  \\    /   O peration     | Version:  2406                                  |
|   \\  /    A nd           | Website:  www.openfoam.com                      |
|    \\/     M anipulation  |                                                 |
\*---------------------------------------------------------------------------*/
FoamFile
{
    version     2.0;
    format      ascii;
    arch        "LSB;label=32;scalar=64";
    class       volScalarField;
    location    "60";
    object      T;
}
// * * * * * * * * * * * * * * * * * * * * * * * * * * * * * * * * * * * * * //

dimensions      [0 0 0 1 0 0 0];

internalField   nonuniform List<scalar> 
10000
(
314.756
313.878
312.803
311.495
309.915
308.264
307.532
307.219
306.878
306.474
314.756
313.878
312.803
311.495
309.915
308.263
307.532
307.219
306.878
306.474
314.757
313.881
312.807
311.5
309.921
308.266
307.533
307.219
306.878
306.474
314.759
313.887
312.818
311.516
309.938
308.274
307.534
307.22
306.878
306.474
314.762
313.897
312.835
311.538
309.961
308.282
307.535
307.22
306.878
306.474
314.765
313.906
312.851
311.559
309.983
308.29
307.537
307.221
306.878
306.474
314.767
313.913
312.864
311.576
309.999
308.295
307.538
307.222
306.879
306.475
314.768
313.918
312.871
311.585
310.009
308.298
307.54
307.223
306.879
306.475
314.769
313.919
312.874
311.59
310.014
308.3
307.54
307.223
306.88
306.475
314.769
313.92
312.875
311.592
310.016
308.301
307.54
307.224
306.88
306.475
306.045
305.638
305.266
304.931
304.632
304.37
304.143
303.949
303.786
303.65
303.539
303.449
303.377
303.321
303.277
303.244
303.218
303.199
303.185
303.175
303.167
303.162
303.158
303.155
303.154
303.152
303.152
303.151
303.151
303.15
303.15
303.15
303.15
303.15
303.15
303.15
303.15
303.15
303.15
303.15
303.15
303.15
303.15
303.15
303.15
303.15
303.15
303.15
303.15
303.15
303.15
303.15
303.15
303.15
303.15
303.15
303.15
303.15
303.15
303.15
303.15
303.15
303.15
303.15
303.15
303.15
303.15
303.15
303.15
303.15
303.15
303.15
303.15
303.15
303.15
303.15
303.15
303.15
303.15
303.15
306.045
305.638
305.266
304.931
304.632
304.37
304.143
303.949
303.786
303.65
303.539
303.449
303.377
303.321
303.277
303.244
303.218
303.199
303.185
303.175
303.167
303.162
303.158
303.155
303.154
303.152
303.152
303.151
303.151
303.15
303.15
303.15
303.15
303.15
303.15
303.15
303.15
303.15
303.15
303.15
303.15
303.15
303.15
303.15
303.15
303.15
303.15
303.15
303.15
303.15
303.15
303.15
303.15
303.15
303.15
303.15
303.15
303.15
303.15
303.15
303.15
303.15
303.15
303.15
303.15
303.15
303.15
303.15
303.15
303.15
303.15
303.15
303.15
303.15
303.15
303.15
303.15
303.15
303.15
303.15
306.045
305.638
305.266
304.931
304.632
304.37
304.143
303.949
303.786
303.65
303.539
303.449
303.377
303.321
303.277
303.244
303.218
303.199
303.185
303.175
303.167
303.162
303.158
303.155
303.154
303.152
303.152
303.151
303.151
303.15
303.15
303.15
303.15
303.15
303.15
303.15
303.15
303.15
303.15
303.15
303.15
303.15
303.15
303.15
303.15
303.15
303.15
303.15
303.15
303.15
303.15
303.15
303.15
303.15
303.15
303.15
303.15
303.15
303.15
303.15
303.15
303.15
303.15
303.15
303.15
303.15
303.15
303.15
303.15
303.15
303.15
303.15
303.15
303.15
303.15
303.15
303.15
303.15
303.15
303.15
306.045
305.638
305.266
304.931
304.632
304.37
304.143
303.949
303.786
303.65
303.539
303.449
303.377
303.321
303.277
303.244
303.218
303.199
303.185
303.175
303.167
303.162
303.158
303.155
303.154
303.152
303.152
303.151
303.151
303.15
303.15
303.15
303.15
303.15
303.15
303.15
303.15
303.15
303.15
303.15
303.15
303.15
303.15
303.15
303.15
303.15
303.15
303.15
303.15
303.15
303.15
303.15
303.15
303.15
303.15
303.15
303.15
303.15
303.15
303.15
303.15
303.15
303.15
303.15
303.15
303.15
303.15
303.15
303.15
303.15
303.15
303.15
303.15
303.15
303.15
303.15
303.15
303.15
303.15
303.15
306.045
305.638
305.266
304.931
304.632
304.37
304.143
303.949
303.786
303.65
303.539
303.449
303.377
303.321
303.277
303.244
303.218
303.199
303.185
303.175
303.167
303.162
303.158
303.155
303.154
303.152
303.152
303.151
303.151
303.15
303.15
303.15
303.15
303.15
303.15
303.15
303.15
303.15
303.15
303.15
303.15
303.15
303.15
303.15
303.15
303.15
303.15
303.15
303.15
303.15
303.15
303.15
303.15
303.15
303.15
303.15
303.15
303.15
303.15
303.15
303.15
303.15
303.15
303.15
303.15
303.15
303.15
303.15
303.15
303.15
303.15
303.15
303.15
303.15
303.15
303.15
303.15
303.15
303.15
303.15
306.045
305.638
305.266
304.931
304.632
304.37
304.143
303.949
303.786
303.65
303.539
303.449
303.377
303.321
303.277
303.244
303.218
303.199
303.185
303.175
303.167
303.162
303.158
303.155
303.154
303.152
303.152
303.151
303.151
303.15
303.15
303.15
303.15
303.15
303.15
303.15
303.15
303.15
303.15
303.15
303.15
303.15
303.15
303.15
303.15
303.15
303.15
303.15
303.15
303.15
303.15
303.15
303.15
303.15
303.15
303.15
303.15
303.15
303.15
303.15
303.15
303.15
303.15
303.15
303.15
303.15
303.15
303.15
303.15
303.15
303.15
303.15
303.15
303.15
303.15
303.15
303.15
303.15
303.15
303.15
306.045
305.638
305.266
304.931
304.632
304.37
304.143
303.949
303.786
303.65
303.539
303.449
303.377
303.321
303.277
303.244
303.218
303.199
303.185
303.175
303.167
303.162
303.158
303.155
303.154
303.152
303.152
303.151
303.151
303.15
303.15
303.15
303.15
303.15
303.15
303.15
303.15
303.15
303.15
303.15
303.15
303.15
303.15
303.15
303.15
303.15
303.15
303.15
303.15
303.15
303.15
303.15
303.15
303.15
303.15
303.15
303.15
303.15
303.15
303.15
303.15
303.15
303.15
303.15
303.15
303.15
303.15
303.15
303.15
303.15
303.15
303.15
303.15
303.15
303.15
303.15
303.15
303.15
303.15
303.15
306.045
305.638
305.267
304.931
304.632
304.37
304.143
303.949
303.786
303.65
303.539
303.449
303.377
303.321
303.277
303.244
303.218
303.199
303.185
303.175
303.167
303.162
303.158
303.155
303.154
303.152
303.152
303.151
303.151
303.15
303.15
303.15
303.15
303.15
303.15
303.15
303.15
303.15
303.15
303.15
303.15
303.15
303.15
303.15
303.15
303.15
303.15
303.15
303.15
303.15
303.15
303.15
303.15
303.15
303.15
303.15
303.15
303.15
303.15
303.15
303.15
303.15
303.15
303.15
303.15
303.15
303.15
303.15
303.15
303.15
303.15
303.15
303.15
303.15
303.15
303.15
303.15
303.15
303.15
303.15
306.046
305.639
305.267
304.931
304.632
304.37
304.143
303.949
303.786
303.65
303.539
303.449
303.377
303.321
303.277
303.244
303.218
303.199
303.185
303.175
303.167
303.162
303.158
303.155
303.154
303.152
303.152
303.151
303.151
303.15
303.15
303.15
303.15
303.15
303.15
303.15
303.15
303.15
303.15
303.15
303.15
303.15
303.15
303.15
303.15
303.15
303.15
303.15
303.15
303.15
303.15
303.15
303.15
303.15
303.15
303.15
303.15
303.15
303.15
303.15
303.15
303.15
303.15
303.15
303.15
303.15
303.15
303.15
303.15
303.15
303.15
303.15
303.15
303.15
303.15
303.15
303.15
303.15
303.15
303.15
306.046
305.639
305.267
304.931
304.632
304.37
304.143
303.949
303.786
303.65
303.539
303.449
303.377
303.321
303.277
303.244
303.218
303.199
303.185
303.175
303.167
303.162
303.158
303.155
303.154
303.152
303.152
303.151
303.151
303.15
303.15
303.15
303.15
303.15
303.15
303.15
303.15
303.15
303.15
303.15
303.15
303.15
303.15
303.15
303.15
303.15
303.15
303.15
303.15
303.15
303.15
303.15
303.15
303.15
303.15
303.15
303.15
303.15
303.15
303.15
303.15
303.15
303.15
303.15
303.15
303.15
303.15
303.15
303.15
303.15
303.15
303.15
303.15
303.15
303.15
303.15
303.15
303.15
303.15
303.15
303.15
303.15
303.15
303.15
303.15
303.15
303.15
303.15
303.15
303.15
303.15
303.15
303.15
303.15
303.15
303.15
303.15
303.15
303.15
303.15
303.15
303.15
303.15
303.15
303.15
303.15
303.15
303.15
303.15
303.15
303.15
303.15
303.15
303.15
303.15
303.15
303.15
303.15
303.15
303.15
303.15
303.15
303.15
303.15
303.15
303.15
303.15
303.15
303.15
303.15
303.15
303.15
303.15
303.15
303.15
303.15
303.15
303.15
303.15
303.15
303.15
303.15
303.15
303.15
303.15
303.15
303.15
303.15
303.15
303.15
303.15
303.15
303.15
303.15
303.15
303.15
303.15
303.15
303.15
303.15
303.15
303.15
303.15
303.15
303.15
303.15
303.15
303.15
303.15
303.15
303.15
303.15
303.15
303.15
303.15
303.15
303.15
303.15
303.15
303.15
314.769
313.92
312.876
311.592
310.017
308.301
307.54
307.224
306.88
306.476
314.769
313.92
312.876
311.592
310.017
308.301
307.541
307.224
306.881
306.476
314.769
313.92
312.876
311.592
310.017
308.301
307.541
307.224
306.881
306.476
314.769
313.92
312.876
311.592
310.017
308.301
307.541
307.224
306.881
306.476
314.769
313.92
312.876
311.592
310.017
308.301
307.541
307.224
306.881
306.476
314.769
313.92
312.876
311.592
310.017
308.301
307.541
307.224
306.881
306.476
314.769
313.92
312.876
311.592
310.017
308.301
307.541
307.224
306.881
306.476
314.769
313.92
312.876
311.592
310.017
308.301
307.541
307.224
306.881
306.476
314.769
313.92
312.876
311.592
310.017
308.301
307.541
307.224
306.881
306.476
314.769
313.92
312.876
311.592
310.017
308.301
307.541
307.224
306.881
306.476
314.769
313.92
312.876
311.592
310.017
308.301
307.541
307.224
306.881
306.476
314.769
313.92
312.876
311.592
310.017
308.301
307.541
307.224
306.881
306.476
314.769
313.92
312.876
311.592
310.017
308.301
307.541
307.224
306.881
306.476
314.769
313.92
312.876
311.592
310.017
308.301
307.541
307.224
306.881
306.476
314.769
313.92
312.876
311.592
310.017
308.301
307.541
307.224
306.881
306.476
314.769
313.92
312.876
311.592
310.017
308.301
307.541
307.224
306.881
306.476
314.769
313.92
312.876
311.592
310.017
308.301
307.541
307.224
306.881
306.476
314.769
313.92
312.876
311.592
310.017
308.301
307.541
307.224
306.881
306.476
314.769
313.92
312.876
311.592
310.017
308.301
307.541
307.224
306.881
306.476
314.769
313.92
312.876
311.592
310.017
308.301
307.541
307.224
306.881
306.476
314.769
313.92
312.876
311.592
310.017
308.301
307.541
307.224
306.881
306.476
314.769
313.92
312.876
311.592
310.017
308.301
307.541
307.224
306.881
306.476
314.769
313.92
312.876
311.592
310.017
308.301
307.541
307.224
306.881
306.476
314.769
313.92
312.876
311.592
310.017
308.301
307.541
307.224
306.881
306.476
314.769
313.92
312.876
311.592
310.017
308.301
307.541
307.224
306.881
306.476
314.769
313.92
312.876
311.592
310.017
308.301
307.541
307.224
306.881
306.476
314.769
313.92
312.876
311.592
310.017
308.301
307.541
307.224
306.881
306.476
314.769
313.92
312.876
311.592
310.017
308.301
307.541
307.224
306.881
306.476
314.769
313.92
312.876
311.592
310.017
308.301
307.541
307.224
306.881
306.476
314.769
313.92
312.876
311.592
310.017
308.301
307.541
307.224
306.881
306.476
314.769
313.92
312.876
311.592
310.017
308.301
307.541
307.224
306.881
306.476
314.769
313.92
312.876
311.592
310.017
308.301
307.541
307.224
306.881
306.476
314.769
313.92
312.876
311.592
310.017
308.301
307.541
307.224
306.881
306.476
314.769
313.92
312.876
311.592
310.017
308.301
307.541
307.224
306.881
306.476
314.769
313.92
312.876
311.592
310.017
308.301
307.541
307.224
306.881
306.476
314.769
313.92
312.876
311.592
310.017
308.301
307.541
307.224
306.881
306.476
314.769
313.92
312.876
311.592
310.017
308.301
307.541
307.224
306.881
306.476
314.769
313.92
312.876
311.592
310.017
308.301
307.541
307.224
306.881
306.476
314.769
313.92
312.876
311.592
310.017
308.301
307.541
307.224
306.881
306.476
314.769
313.92
312.876
311.592
310.017
308.301
307.541
307.224
306.881
306.476
314.769
313.92
312.876
311.592
310.017
308.301
307.541
307.224
306.881
306.476
314.769
313.92
312.876
311.592
310.017
308.301
307.541
307.224
306.881
306.476
314.769
313.92
312.876
311.592
310.017
308.301
307.541
307.224
306.881
306.476
314.769
313.92
312.876
311.592
310.017
308.301
307.541
307.224
306.881
306.476
314.769
313.92
312.876
311.592
310.017
308.301
307.541
307.224
306.881
306.476
314.769
313.92
312.876
311.592
310.017
308.301
307.541
307.224
306.881
306.476
314.769
313.92
312.876
311.592
310.017
308.301
307.541
307.224
306.881
306.476
314.769
313.92
312.876
311.592
310.017
308.301
307.541
307.224
306.881
306.476
314.769
313.92
312.876
311.592
310.017
308.301
307.541
307.224
306.881
306.476
314.769
313.92
312.876
311.592
310.017
308.301
307.541
307.224
306.881
306.476
314.769
313.92
312.876
311.592
310.017
308.301
307.541
307.224
306.881
306.476
314.769
313.92
312.876
311.592
310.017
308.301
307.541
307.224
306.881
306.476
314.769
313.92
312.876
311.592
310.017
308.301
307.541
307.224
306.881
306.476
314.769
313.92
312.876
311.592
310.017
308.301
307.541
307.224
306.881
306.476
314.769
313.92
312.876
311.592
310.017
308.301
307.541
307.224
306.881
306.476
314.769
313.92
312.876
311.592
310.017
308.301
307.541
307.224
306.881
306.476
314.769
313.92
312.876
311.592
310.017
308.301
307.541
307.224
306.881
306.476
314.769
313.92
312.876
311.592
310.017
308.301
307.541
307.224
306.881
306.476
314.769
313.92
312.876
311.592
310.017
308.301
307.541
307.224
306.881
306.476
314.769
313.92
312.876
311.592
310.017
308.301
307.541
307.224
306.881
306.476
314.769
313.92
312.876
311.592
310.017
308.301
307.541
307.224
306.881
306.476
314.769
313.92
312.876
311.592
310.017
308.301
307.541
307.224
306.881
306.476
314.769
313.92
312.876
311.592
310.017
308.301
307.541
307.224
306.881
306.476
314.769
313.92
312.876
311.592
310.017
308.301
307.541
307.224
306.881
306.476
314.769
313.92
312.876
311.592
310.017
308.301
307.541
307.224
306.881
306.476
314.769
313.92
312.876
311.592
310.017
308.301
307.541
307.224
306.881
306.476
314.769
313.92
312.876
311.592
310.017
308.301
307.541
307.224
306.881
306.476
314.769
313.92
312.876
311.592
310.017
308.301
307.541
307.224
306.881
306.476
314.769
313.92
312.876
311.592
310.017
308.301
307.541
307.224
306.881
306.476
314.769
313.92
312.876
311.592
310.017
308.301
307.541
307.224
306.881
306.476
314.769
313.92
312.876
311.592
310.017
308.301
307.541
307.224
306.881
306.476
314.769
313.92
312.876
311.592
310.017
308.301
307.541
307.224
306.881
306.476
314.769
313.92
312.876
311.592
310.017
308.301
307.541
307.224
306.881
306.476
314.769
313.92
312.876
311.592
310.017
308.301
307.541
307.224
306.881
306.476
314.769
313.92
312.876
311.592
310.017
308.301
307.541
307.224
306.881
306.476
314.769
313.92
312.876
311.592
310.017
308.301
307.541
307.224
306.881
306.476
314.769
313.92
312.876
311.592
310.017
308.301
307.541
307.224
306.881
306.476
314.769
313.92
312.876
311.592
310.017
308.301
307.541
307.224
306.881
306.476
314.769
313.92
312.876
311.592
310.017
308.301
307.541
307.224
306.881
306.476
314.769
313.92
312.876
311.592
310.017
308.301
307.541
307.224
306.881
306.476
306.046
305.639
305.267
304.931
304.632
304.37
304.143
303.949
303.786
303.65
303.539
303.449
303.377
303.321
303.277
303.244
303.218
303.199
303.185
303.175
303.167
303.162
303.158
303.155
303.154
303.152
303.152
303.151
303.151
303.15
303.15
303.15
303.15
303.15
303.15
303.15
303.15
303.15
303.15
303.15
303.15
303.15
303.15
303.15
303.15
303.15
303.15
303.15
303.15
303.15
303.15
303.15
303.15
303.15
303.15
303.15
303.15
303.15
303.15
303.15
303.15
303.15
303.15
303.15
303.15
303.15
303.15
303.15
303.15
303.15
303.15
303.15
303.15
303.15
303.15
303.15
303.15
303.15
303.15
303.15
306.046
305.639
305.267
304.931
304.632
304.37
304.143
303.949
303.786
303.65
303.539
303.449
303.377
303.321
303.277
303.244
303.218
303.199
303.185
303.175
303.167
303.162
303.158
303.155
303.154
303.152
303.152
303.151
303.151
303.15
303.15
303.15
303.15
303.15
303.15
303.15
303.15
303.15
303.15
303.15
303.15
303.15
303.15
303.15
303.15
303.15
303.15
303.15
303.15
303.15
303.15
303.15
303.15
303.15
303.15
303.15
303.15
303.15
303.15
303.15
303.15
303.15
303.15
303.15
303.15
303.15
303.15
303.15
303.15
303.15
303.15
303.15
303.15
303.15
303.15
303.15
303.15
303.15
303.15
303.15
306.046
305.639
305.267
304.931
304.632
304.37
304.143
303.949
303.786
303.65
303.539
303.449
303.377
303.321
303.277
303.244
303.218
303.199
303.185
303.175
303.167
303.162
303.158
303.155
303.154
303.152
303.152
303.151
303.151
303.15
303.15
303.15
303.15
303.15
303.15
303.15
303.15
303.15
303.15
303.15
303.15
303.15
303.15
303.15
303.15
303.15
303.15
303.15
303.15
303.15
303.15
303.15
303.15
303.15
303.15
303.15
303.15
303.15
303.15
303.15
303.15
303.15
303.15
303.15
303.15
303.15
303.15
303.15
303.15
303.15
303.15
303.15
303.15
303.15
303.15
303.15
303.15
303.15
303.15
303.15
306.046
305.639
305.267
304.931
304.632
304.37
304.143
303.949
303.786
303.65
303.539
303.449
303.377
303.321
303.277
303.244
303.218
303.199
303.185
303.175
303.167
303.162
303.158
303.155
303.154
303.152
303.152
303.151
303.151
303.15
303.15
303.15
303.15
303.15
303.15
303.15
303.15
303.15
303.15
303.15
303.15
303.15
303.15
303.15
303.15
303.15
303.15
303.15
303.15
303.15
303.15
303.15
303.15
303.15
303.15
303.15
303.15
303.15
303.15
303.15
303.15
303.15
303.15
303.15
303.15
303.15
303.15
303.15
303.15
303.15
303.15
303.15
303.15
303.15
303.15
303.15
303.15
303.15
303.15
303.15
306.046
305.639
305.267
304.931
304.632
304.37
304.143
303.949
303.786
303.65
303.539
303.449
303.377
303.321
303.277
303.244
303.218
303.199
303.185
303.175
303.167
303.162
303.158
303.155
303.154
303.152
303.152
303.151
303.151
303.15
303.15
303.15
303.15
303.15
303.15
303.15
303.15
303.15
303.15
303.15
303.15
303.15
303.15
303.15
303.15
303.15
303.15
303.15
303.15
303.15
303.15
303.15
303.15
303.15
303.15
303.15
303.15
303.15
303.15
303.15
303.15
303.15
303.15
303.15
303.15
303.15
303.15
303.15
303.15
303.15
303.15
303.15
303.15
303.15
303.15
303.15
303.15
303.15
303.15
303.15
306.046
305.639
305.267
304.931
304.632
304.37
304.143
303.949
303.786
303.65
303.539
303.449
303.377
303.321
303.277
303.244
303.218
303.199
303.185
303.175
303.167
303.162
303.158
303.155
303.154
303.152
303.152
303.151
303.151
303.15
303.15
303.15
303.15
303.15
303.15
303.15
303.15
303.15
303.15
303.15
303.15
303.15
303.15
303.15
303.15
303.15
303.15
303.15
303.15
303.15
303.15
303.15
303.15
303.15
303.15
303.15
303.15
303.15
303.15
303.15
303.15
303.15
303.15
303.15
303.15
303.15
303.15
303.15
303.15
303.15
303.15
303.15
303.15
303.15
303.15
303.15
303.15
303.15
303.15
303.15
306.046
305.639
305.267
304.931
304.632
304.37
304.143
303.949
303.786
303.65
303.539
303.449
303.377
303.321
303.277
303.244
303.218
303.199
303.185
303.175
303.167
303.162
303.158
303.155
303.154
303.152
303.152
303.151
303.151
303.15
303.15
303.15
303.15
303.15
303.15
303.15
303.15
303.15
303.15
303.15
303.15
303.15
303.15
303.15
303.15
303.15
303.15
303.15
303.15
303.15
303.15
303.15
303.15
303.15
303.15
303.15
303.15
303.15
303.15
303.15
303.15
303.15
303.15
303.15
303.15
303.15
303.15
303.15
303.15
303.15
303.15
303.15
303.15
303.15
303.15
303.15
303.15
303.15
303.15
303.15
306.046
305.639
305.267
304.931
304.632
304.37
304.143
303.949
303.786
303.65
303.539
303.449
303.377
303.321
303.277
303.244
303.218
303.199
303.185
303.175
303.167
303.162
303.158
303.155
303.154
303.152
303.152
303.151
303.151
303.15
303.15
303.15
303.15
303.15
303.15
303.15
303.15
303.15
303.15
303.15
303.15
303.15
303.15
303.15
303.15
303.15
303.15
303.15
303.15
303.15
303.15
303.15
303.15
303.15
303.15
303.15
303.15
303.15
303.15
303.15
303.15
303.15
303.15
303.15
303.15
303.15
303.15
303.15
303.15
303.15
303.15
303.15
303.15
303.15
303.15
303.15
303.15
303.15
303.15
303.15
306.046
305.639
305.267
304.931
304.632
304.37
304.143
303.949
303.786
303.65
303.539
303.449
303.377
303.321
303.277
303.244
303.218
303.199
303.185
303.175
303.167
303.162
303.158
303.155
303.154
303.152
303.152
303.151
303.151
303.15
303.15
303.15
303.15
303.15
303.15
303.15
303.15
303.15
303.15
303.15
303.15
303.15
303.15
303.15
303.15
303.15
303.15
303.15
303.15
303.15
303.15
303.15
303.15
303.15
303.15
303.15
303.15
303.15
303.15
303.15
303.15
303.15
303.15
303.15
303.15
303.15
303.15
303.15
303.15
303.15
303.15
303.15
303.15
303.15
303.15
303.15
303.15
303.15
303.15
303.15
306.046
305.639
305.267
304.931
304.632
304.37
304.143
303.949
303.786
303.65
303.539
303.449
303.377
303.321
303.277
303.244
303.218
303.199
303.185
303.175
303.167
303.162
303.158
303.155
303.154
303.152
303.152
303.151
303.151
303.15
303.15
303.15
303.15
303.15
303.15
303.15
303.15
303.15
303.15
303.15
303.15
303.15
303.15
303.15
303.15
303.15
303.15
303.15
303.15
303.15
303.15
303.15
303.15
303.15
303.15
303.15
303.15
303.15
303.15
303.15
303.15
303.15
303.15
303.15
303.15
303.15
303.15
303.15
303.15
303.15
303.15
303.15
303.15
303.15
303.15
303.15
303.15
303.15
303.15
303.15
306.046
305.639
305.267
304.931
304.632
304.37
304.143
303.949
303.786
303.65
303.539
303.449
303.377
303.321
303.277
303.244
303.218
303.199
303.185
303.175
303.167
303.162
303.158
303.155
303.154
303.152
303.152
303.151
303.151
303.15
303.15
303.15
303.15
303.15
303.15
303.15
303.15
303.15
303.15
303.15
303.15
303.15
303.15
303.15
303.15
303.15
303.15
303.15
303.15
303.15
303.15
303.15
303.15
303.15
303.15
303.15
303.15
303.15
303.15
303.15
303.15
303.15
303.15
303.15
303.15
303.15
303.15
303.15
303.15
303.15
303.15
303.15
303.15
303.15
303.15
303.15
303.15
303.15
303.15
303.15
306.046
305.639
305.267
304.931
304.632
304.37
304.143
303.949
303.786
303.65
303.539
303.449
303.377
303.321
303.277
303.244
303.218
303.199
303.185
303.175
303.167
303.162
303.158
303.155
303.154
303.152
303.152
303.151
303.151
303.15
303.15
303.15
303.15
303.15
303.15
303.15
303.15
303.15
303.15
303.15
303.15
303.15
303.15
303.15
303.15
303.15
303.15
303.15
303.15
303.15
303.15
303.15
303.15
303.15
303.15
303.15
303.15
303.15
303.15
303.15
303.15
303.15
303.15
303.15
303.15
303.15
303.15
303.15
303.15
303.15
303.15
303.15
303.15
303.15
303.15
303.15
303.15
303.15
303.15
303.15
306.046
305.639
305.267
304.931
304.632
304.37
304.143
303.949
303.786
303.65
303.539
303.449
303.377
303.321
303.277
303.244
303.218
303.199
303.185
303.175
303.167
303.162
303.158
303.155
303.154
303.152
303.152
303.151
303.151
303.15
303.15
303.15
303.15
303.15
303.15
303.15
303.15
303.15
303.15
303.15
303.15
303.15
303.15
303.15
303.15
303.15
303.15
303.15
303.15
303.15
303.15
303.15
303.15
303.15
303.15
303.15
303.15
303.15
303.15
303.15
303.15
303.15
303.15
303.15
303.15
303.15
303.15
303.15
303.15
303.15
303.15
303.15
303.15
303.15
303.15
303.15
303.15
303.15
303.15
303.15
306.046
305.639
305.267
304.931
304.632
304.37
304.143
303.949
303.786
303.65
303.539
303.449
303.377
303.321
303.277
303.244
303.218
303.199
303.185
303.175
303.167
303.162
303.158
303.155
303.154
303.152
303.152
303.151
303.151
303.15
303.15
303.15
303.15
303.15
303.15
303.15
303.15
303.15
303.15
303.15
303.15
303.15
303.15
303.15
303.15
303.15
303.15
303.15
303.15
303.15
303.15
303.15
303.15
303.15
303.15
303.15
303.15
303.15
303.15
303.15
303.15
303.15
303.15
303.15
303.15
303.15
303.15
303.15
303.15
303.15
303.15
303.15
303.15
303.15
303.15
303.15
303.15
303.15
303.15
303.15
306.046
305.639
305.267
304.931
304.632
304.37
304.143
303.949
303.786
303.65
303.539
303.449
303.377
303.321
303.277
303.244
303.218
303.199
303.185
303.175
303.167
303.162
303.158
303.155
303.154
303.152
303.152
303.151
303.151
303.15
303.15
303.15
303.15
303.15
303.15
303.15
303.15
303.15
303.15
303.15
303.15
303.15
303.15
303.15
303.15
303.15
303.15
303.15
303.15
303.15
303.15
303.15
303.15
303.15
303.15
303.15
303.15
303.15
303.15
303.15
303.15
303.15
303.15
303.15
303.15
303.15
303.15
303.15
303.15
303.15
303.15
303.15
303.15
303.15
303.15
303.15
303.15
303.15
303.15
303.15
306.046
305.639
305.267
304.931
304.632
304.37
304.143
303.949
303.786
303.65
303.539
303.449
303.377
303.321
303.277
303.244
303.218
303.199
303.185
303.175
303.167
303.162
303.158
303.155
303.154
303.152
303.152
303.151
303.151
303.15
303.15
303.15
303.15
303.15
303.15
303.15
303.15
303.15
303.15
303.15
303.15
303.15
303.15
303.15
303.15
303.15
303.15
303.15
303.15
303.15
303.15
303.15
303.15
303.15
303.15
303.15
303.15
303.15
303.15
303.15
303.15
303.15
303.15
303.15
303.15
303.15
303.15
303.15
303.15
303.15
303.15
303.15
303.15
303.15
303.15
303.15
303.15
303.15
303.15
303.15
306.046
305.639
305.267
304.931
304.632
304.37
304.143
303.949
303.786
303.65
303.539
303.449
303.377
303.321
303.277
303.244
303.218
303.199
303.185
303.175
303.167
303.162
303.158
303.155
303.154
303.152
303.152
303.151
303.151
303.15
303.15
303.15
303.15
303.15
303.15
303.15
303.15
303.15
303.15
303.15
303.15
303.15
303.15
303.15
303.15
303.15
303.15
303.15
303.15
303.15
303.15
303.15
303.15
303.15
303.15
303.15
303.15
303.15
303.15
303.15
303.15
303.15
303.15
303.15
303.15
303.15
303.15
303.15
303.15
303.15
303.15
303.15
303.15
303.15
303.15
303.15
303.15
303.15
303.15
303.15
306.046
305.639
305.267
304.931
304.632
304.37
304.143
303.949
303.786
303.65
303.539
303.449
303.377
303.321
303.277
303.244
303.218
303.199
303.185
303.175
303.167
303.162
303.158
303.155
303.154
303.152
303.152
303.151
303.151
303.15
303.15
303.15
303.15
303.15
303.15
303.15
303.15
303.15
303.15
303.15
303.15
303.15
303.15
303.15
303.15
303.15
303.15
303.15
303.15
303.15
303.15
303.15
303.15
303.15
303.15
303.15
303.15
303.15
303.15
303.15
303.15
303.15
303.15
303.15
303.15
303.15
303.15
303.15
303.15
303.15
303.15
303.15
303.15
303.15
303.15
303.15
303.15
303.15
303.15
303.15
306.046
305.639
305.267
304.931
304.632
304.37
304.143
303.949
303.786
303.65
303.539
303.449
303.377
303.321
303.277
303.244
303.218
303.199
303.185
303.175
303.167
303.162
303.158
303.155
303.154
303.152
303.152
303.151
303.151
303.15
303.15
303.15
303.15
303.15
303.15
303.15
303.15
303.15
303.15
303.15
303.15
303.15
303.15
303.15
303.15
303.15
303.15
303.15
303.15
303.15
303.15
303.15
303.15
303.15
303.15
303.15
303.15
303.15
303.15
303.15
303.15
303.15
303.15
303.15
303.15
303.15
303.15
303.15
303.15
303.15
303.15
303.15
303.15
303.15
303.15
303.15
303.15
303.15
303.15
303.15
306.046
305.639
305.267
304.931
304.632
304.37
304.143
303.949
303.786
303.65
303.539
303.449
303.377
303.321
303.277
303.244
303.218
303.199
303.185
303.175
303.167
303.162
303.158
303.155
303.154
303.152
303.152
303.151
303.151
303.15
303.15
303.15
303.15
303.15
303.15
303.15
303.15
303.15
303.15
303.15
303.15
303.15
303.15
303.15
303.15
303.15
303.15
303.15
303.15
303.15
303.15
303.15
303.15
303.15
303.15
303.15
303.15
303.15
303.15
303.15
303.15
303.15
303.15
303.15
303.15
303.15
303.15
303.15
303.15
303.15
303.15
303.15
303.15
303.15
303.15
303.15
303.15
303.15
303.15
303.15
306.046
305.639
305.267
304.931
304.632
304.37
304.143
303.949
303.786
303.65
303.539
303.449
303.377
303.321
303.277
303.244
303.218
303.199
303.185
303.175
303.167
303.162
303.158
303.155
303.154
303.152
303.152
303.151
303.151
303.15
303.15
303.15
303.15
303.15
303.15
303.15
303.15
303.15
303.15
303.15
303.15
303.15
303.15
303.15
303.15
303.15
303.15
303.15
303.15
303.15
303.15
303.15
303.15
303.15
303.15
303.15
303.15
303.15
303.15
303.15
303.15
303.15
303.15
303.15
303.15
303.15
303.15
303.15
303.15
303.15
303.15
303.15
303.15
303.15
303.15
303.15
303.15
303.15
303.15
303.15
306.046
305.639
305.267
304.931
304.632
304.37
304.143
303.949
303.786
303.65
303.539
303.449
303.377
303.321
303.277
303.244
303.218
303.199
303.185
303.175
303.167
303.162
303.158
303.155
303.154
303.152
303.152
303.151
303.151
303.15
303.15
303.15
303.15
303.15
303.15
303.15
303.15
303.15
303.15
303.15
303.15
303.15
303.15
303.15
303.15
303.15
303.15
303.15
303.15
303.15
303.15
303.15
303.15
303.15
303.15
303.15
303.15
303.15
303.15
303.15
303.15
303.15
303.15
303.15
303.15
303.15
303.15
303.15
303.15
303.15
303.15
303.15
303.15
303.15
303.15
303.15
303.15
303.15
303.15
303.15
306.046
305.639
305.267
304.931
304.632
304.37
304.143
303.949
303.786
303.65
303.539
303.449
303.377
303.321
303.277
303.244
303.218
303.199
303.185
303.175
303.167
303.162
303.158
303.155
303.154
303.152
303.152
303.151
303.151
303.15
303.15
303.15
303.15
303.15
303.15
303.15
303.15
303.15
303.15
303.15
303.15
303.15
303.15
303.15
303.15
303.15
303.15
303.15
303.15
303.15
303.15
303.15
303.15
303.15
303.15
303.15
303.15
303.15
303.15
303.15
303.15
303.15
303.15
303.15
303.15
303.15
303.15
303.15
303.15
303.15
303.15
303.15
303.15
303.15
303.15
303.15
303.15
303.15
303.15
303.15
306.046
305.639
305.267
304.931
304.632
304.37
304.143
303.949
303.786
303.65
303.539
303.449
303.377
303.321
303.277
303.244
303.218
303.199
303.185
303.175
303.167
303.162
303.158
303.155
303.154
303.152
303.152
303.151
303.151
303.15
303.15
303.15
303.15
303.15
303.15
303.15
303.15
303.15
303.15
303.15
303.15
303.15
303.15
303.15
303.15
303.15
303.15
303.15
303.15
303.15
303.15
303.15
303.15
303.15
303.15
303.15
303.15
303.15
303.15
303.15
303.15
303.15
303.15
303.15
303.15
303.15
303.15
303.15
303.15
303.15
303.15
303.15
303.15
303.15
303.15
303.15
303.15
303.15
303.15
303.15
306.046
305.639
305.267
304.931
304.632
304.37
304.143
303.949
303.786
303.65
303.539
303.449
303.377
303.321
303.277
303.244
303.218
303.199
303.185
303.175
303.167
303.162
303.158
303.155
303.154
303.152
303.152
303.151
303.151
303.15
303.15
303.15
303.15
303.15
303.15
303.15
303.15
303.15
303.15
303.15
303.15
303.15
303.15
303.15
303.15
303.15
303.15
303.15
303.15
303.15
303.15
303.15
303.15
303.15
303.15
303.15
303.15
303.15
303.15
303.15
303.15
303.15
303.15
303.15
303.15
303.15
303.15
303.15
303.15
303.15
303.15
303.15
303.15
303.15
303.15
303.15
303.15
303.15
303.15
303.15
306.046
305.639
305.267
304.931
304.632
304.37
304.143
303.949
303.786
303.65
303.539
303.449
303.377
303.321
303.277
303.244
303.218
303.199
303.185
303.175
303.167
303.162
303.158
303.155
303.154
303.152
303.152
303.151
303.151
303.15
303.15
303.15
303.15
303.15
303.15
303.15
303.15
303.15
303.15
303.15
303.15
303.15
303.15
303.15
303.15
303.15
303.15
303.15
303.15
303.15
303.15
303.15
303.15
303.15
303.15
303.15
303.15
303.15
303.15
303.15
303.15
303.15
303.15
303.15
303.15
303.15
303.15
303.15
303.15
303.15
303.15
303.15
303.15
303.15
303.15
303.15
303.15
303.15
303.15
303.15
306.046
305.639
305.267
304.931
304.632
304.37
304.143
303.949
303.786
303.65
303.539
303.449
303.377
303.321
303.277
303.244
303.218
303.199
303.185
303.175
303.167
303.162
303.158
303.155
303.154
303.152
303.152
303.151
303.151
303.15
303.15
303.15
303.15
303.15
303.15
303.15
303.15
303.15
303.15
303.15
303.15
303.15
303.15
303.15
303.15
303.15
303.15
303.15
303.15
303.15
303.15
303.15
303.15
303.15
303.15
303.15
303.15
303.15
303.15
303.15
303.15
303.15
303.15
303.15
303.15
303.15
303.15
303.15
303.15
303.15
303.15
303.15
303.15
303.15
303.15
303.15
303.15
303.15
303.15
303.15
306.046
305.639
305.267
304.931
304.632
304.37
304.143
303.949
303.786
303.65
303.539
303.449
303.377
303.321
303.277
303.244
303.218
303.199
303.185
303.175
303.167
303.162
303.158
303.155
303.154
303.152
303.152
303.151
303.151
303.15
303.15
303.15
303.15
303.15
303.15
303.15
303.15
303.15
303.15
303.15
303.15
303.15
303.15
303.15
303.15
303.15
303.15
303.15
303.15
303.15
303.15
303.15
303.15
303.15
303.15
303.15
303.15
303.15
303.15
303.15
303.15
303.15
303.15
303.15
303.15
303.15
303.15
303.15
303.15
303.15
303.15
303.15
303.15
303.15
303.15
303.15
303.15
303.15
303.15
303.15
306.046
305.639
305.267
304.931
304.632
304.37
304.143
303.949
303.786
303.65
303.539
303.449
303.377
303.321
303.277
303.244
303.218
303.199
303.185
303.175
303.167
303.162
303.158
303.155
303.154
303.152
303.152
303.151
303.151
303.15
303.15
303.15
303.15
303.15
303.15
303.15
303.15
303.15
303.15
303.15
303.15
303.15
303.15
303.15
303.15
303.15
303.15
303.15
303.15
303.15
303.15
303.15
303.15
303.15
303.15
303.15
303.15
303.15
303.15
303.15
303.15
303.15
303.15
303.15
303.15
303.15
303.15
303.15
303.15
303.15
303.15
303.15
303.15
303.15
303.15
303.15
303.15
303.15
303.15
303.15
306.046
305.639
305.267
304.931
304.632
304.37
304.143
303.949
303.786
303.65
303.539
303.449
303.377
303.321
303.277
303.244
303.218
303.199
303.185
303.175
303.167
303.162
303.158
303.155
303.154
303.152
303.152
303.151
303.151
303.15
303.15
303.15
303.15
303.15
303.15
303.15
303.15
303.15
303.15
303.15
303.15
303.15
303.15
303.15
303.15
303.15
303.15
303.15
303.15
303.15
303.15
303.15
303.15
303.15
303.15
303.15
303.15
303.15
303.15
303.15
303.15
303.15
303.15
303.15
303.15
303.15
303.15
303.15
303.15
303.15
303.15
303.15
303.15
303.15
303.15
303.15
303.15
303.15
303.15
303.15
306.046
305.639
305.267
304.931
304.632
304.37
304.143
303.949
303.786
303.65
303.539
303.449
303.377
303.321
303.277
303.244
303.218
303.199
303.185
303.175
303.167
303.162
303.158
303.155
303.154
303.152
303.152
303.151
303.151
303.15
303.15
303.15
303.15
303.15
303.15
303.15
303.15
303.15
303.15
303.15
303.15
303.15
303.15
303.15
303.15
303.15
303.15
303.15
303.15
303.15
303.15
303.15
303.15
303.15
303.15
303.15
303.15
303.15
303.15
303.15
303.15
303.15
303.15
303.15
303.15
303.15
303.15
303.15
303.15
303.15
303.15
303.15
303.15
303.15
303.15
303.15
303.15
303.15
303.15
303.15
306.046
305.639
305.267
304.931
304.632
304.37
304.143
303.949
303.786
303.65
303.539
303.449
303.377
303.321
303.277
303.244
303.218
303.199
303.185
303.175
303.167
303.162
303.158
303.155
303.154
303.152
303.152
303.151
303.151
303.15
303.15
303.15
303.15
303.15
303.15
303.15
303.15
303.15
303.15
303.15
303.15
303.15
303.15
303.15
303.15
303.15
303.15
303.15
303.15
303.15
303.15
303.15
303.15
303.15
303.15
303.15
303.15
303.15
303.15
303.15
303.15
303.15
303.15
303.15
303.15
303.15
303.15
303.15
303.15
303.15
303.15
303.15
303.15
303.15
303.15
303.15
303.15
303.15
303.15
303.15
306.046
305.639
305.267
304.931
304.632
304.37
304.143
303.949
303.786
303.65
303.539
303.449
303.377
303.321
303.277
303.244
303.218
303.199
303.185
303.175
303.167
303.162
303.158
303.155
303.154
303.152
303.152
303.151
303.151
303.15
303.15
303.15
303.15
303.15
303.15
303.15
303.15
303.15
303.15
303.15
303.15
303.15
303.15
303.15
303.15
303.15
303.15
303.15
303.15
303.15
303.15
303.15
303.15
303.15
303.15
303.15
303.15
303.15
303.15
303.15
303.15
303.15
303.15
303.15
303.15
303.15
303.15
303.15
303.15
303.15
303.15
303.15
303.15
303.15
303.15
303.15
303.15
303.15
303.15
303.15
306.046
305.639
305.267
304.931
304.632
304.37
304.143
303.949
303.786
303.65
303.539
303.449
303.377
303.321
303.277
303.244
303.218
303.199
303.185
303.175
303.167
303.162
303.158
303.155
303.154
303.152
303.152
303.151
303.151
303.15
303.15
303.15
303.15
303.15
303.15
303.15
303.15
303.15
303.15
303.15
303.15
303.15
303.15
303.15
303.15
303.15
303.15
303.15
303.15
303.15
303.15
303.15
303.15
303.15
303.15
303.15
303.15
303.15
303.15
303.15
303.15
303.15
303.15
303.15
303.15
303.15
303.15
303.15
303.15
303.15
303.15
303.15
303.15
303.15
303.15
303.15
303.15
303.15
303.15
303.15
306.046
305.639
305.267
304.931
304.632
304.37
304.143
303.949
303.786
303.65
303.539
303.449
303.377
303.321
303.277
303.244
303.218
303.199
303.185
303.175
303.167
303.162
303.158
303.155
303.154
303.152
303.152
303.151
303.151
303.15
303.15
303.15
303.15
303.15
303.15
303.15
303.15
303.15
303.15
303.15
303.15
303.15
303.15
303.15
303.15
303.15
303.15
303.15
303.15
303.15
303.15
303.15
303.15
303.15
303.15
303.15
303.15
303.15
303.15
303.15
303.15
303.15
303.15
303.15
303.15
303.15
303.15
303.15
303.15
303.15
303.15
303.15
303.15
303.15
303.15
303.15
303.15
303.15
303.15
303.15
306.046
305.639
305.267
304.931
304.632
304.37
304.143
303.949
303.786
303.65
303.539
303.449
303.377
303.321
303.277
303.244
303.218
303.199
303.185
303.175
303.167
303.162
303.158
303.155
303.154
303.152
303.152
303.151
303.151
303.15
303.15
303.15
303.15
303.15
303.15
303.15
303.15
303.15
303.15
303.15
303.15
303.15
303.15
303.15
303.15
303.15
303.15
303.15
303.15
303.15
303.15
303.15
303.15
303.15
303.15
303.15
303.15
303.15
303.15
303.15
303.15
303.15
303.15
303.15
303.15
303.15
303.15
303.15
303.15
303.15
303.15
303.15
303.15
303.15
303.15
303.15
303.15
303.15
303.15
303.15
306.046
305.639
305.267
304.931
304.632
304.37
304.143
303.949
303.786
303.65
303.539
303.449
303.377
303.321
303.277
303.244
303.218
303.199
303.185
303.175
303.167
303.162
303.158
303.155
303.154
303.152
303.152
303.151
303.151
303.15
303.15
303.15
303.15
303.15
303.15
303.15
303.15
303.15
303.15
303.15
303.15
303.15
303.15
303.15
303.15
303.15
303.15
303.15
303.15
303.15
303.15
303.15
303.15
303.15
303.15
303.15
303.15
303.15
303.15
303.15
303.15
303.15
303.15
303.15
303.15
303.15
303.15
303.15
303.15
303.15
303.15
303.15
303.15
303.15
303.15
303.15
303.15
303.15
303.15
303.15
306.046
305.639
305.267
304.931
304.632
304.37
304.143
303.949
303.786
303.65
303.539
303.449
303.377
303.321
303.277
303.244
303.218
303.199
303.185
303.175
303.167
303.162
303.158
303.155
303.154
303.152
303.152
303.151
303.151
303.15
303.15
303.15
303.15
303.15
303.15
303.15
303.15
303.15
303.15
303.15
303.15
303.15
303.15
303.15
303.15
303.15
303.15
303.15
303.15
303.15
303.15
303.15
303.15
303.15
303.15
303.15
303.15
303.15
303.15
303.15
303.15
303.15
303.15
303.15
303.15
303.15
303.15
303.15
303.15
303.15
303.15
303.15
303.15
303.15
303.15
303.15
303.15
303.15
303.15
303.15
306.046
305.639
305.267
304.931
304.632
304.37
304.143
303.949
303.786
303.65
303.539
303.449
303.377
303.321
303.277
303.244
303.218
303.199
303.185
303.175
303.167
303.162
303.158
303.155
303.154
303.152
303.152
303.151
303.151
303.15
303.15
303.15
303.15
303.15
303.15
303.15
303.15
303.15
303.15
303.15
303.15
303.15
303.15
303.15
303.15
303.15
303.15
303.15
303.15
303.15
303.15
303.15
303.15
303.15
303.15
303.15
303.15
303.15
303.15
303.15
303.15
303.15
303.15
303.15
303.15
303.15
303.15
303.15
303.15
303.15
303.15
303.15
303.15
303.15
303.15
303.15
303.15
303.15
303.15
303.15
306.046
305.639
305.267
304.931
304.632
304.37
304.143
303.949
303.786
303.65
303.539
303.449
303.377
303.321
303.277
303.244
303.218
303.199
303.185
303.175
303.167
303.162
303.158
303.155
303.154
303.152
303.152
303.151
303.151
303.15
303.15
303.15
303.15
303.15
303.15
303.15
303.15
303.15
303.15
303.15
303.15
303.15
303.15
303.15
303.15
303.15
303.15
303.15
303.15
303.15
303.15
303.15
303.15
303.15
303.15
303.15
303.15
303.15
303.15
303.15
303.15
303.15
303.15
303.15
303.15
303.15
303.15
303.15
303.15
303.15
303.15
303.15
303.15
303.15
303.15
303.15
303.15
303.15
303.15
303.15
306.046
305.639
305.267
304.931
304.632
304.37
304.143
303.949
303.786
303.65
303.539
303.449
303.377
303.321
303.277
303.244
303.218
303.199
303.185
303.175
303.167
303.162
303.158
303.155
303.154
303.152
303.152
303.151
303.151
303.15
303.15
303.15
303.15
303.15
303.15
303.15
303.15
303.15
303.15
303.15
303.15
303.15
303.15
303.15
303.15
303.15
303.15
303.15
303.15
303.15
303.15
303.15
303.15
303.15
303.15
303.15
303.15
303.15
303.15
303.15
303.15
303.15
303.15
303.15
303.15
303.15
303.15
303.15
303.15
303.15
303.15
303.15
303.15
303.15
303.15
303.15
303.15
303.15
303.15
303.15
306.046
305.639
305.267
304.931
304.632
304.37
304.143
303.949
303.786
303.65
303.539
303.449
303.377
303.321
303.277
303.244
303.218
303.199
303.185
303.175
303.167
303.162
303.158
303.155
303.154
303.152
303.152
303.151
303.151
303.15
303.15
303.15
303.15
303.15
303.15
303.15
303.15
303.15
303.15
303.15
303.15
303.15
303.15
303.15
303.15
303.15
303.15
303.15
303.15
303.15
303.15
303.15
303.15
303.15
303.15
303.15
303.15
303.15
303.15
303.15
303.15
303.15
303.15
303.15
303.15
303.15
303.15
303.15
303.15
303.15
303.15
303.15
303.15
303.15
303.15
303.15
303.15
303.15
303.15
303.15
306.046
305.639
305.267
304.931
304.632
304.37
304.143
303.949
303.786
303.65
303.539
303.449
303.377
303.321
303.277
303.244
303.218
303.199
303.185
303.175
303.167
303.162
303.158
303.155
303.154
303.152
303.152
303.151
303.151
303.15
303.15
303.15
303.15
303.15
303.15
303.15
303.15
303.15
303.15
303.15
303.15
303.15
303.15
303.15
303.15
303.15
303.15
303.15
303.15
303.15
303.15
303.15
303.15
303.15
303.15
303.15
303.15
303.15
303.15
303.15
303.15
303.15
303.15
303.15
303.15
303.15
303.15
303.15
303.15
303.15
303.15
303.15
303.15
303.15
303.15
303.15
303.15
303.15
303.15
303.15
306.046
305.639
305.267
304.931
304.632
304.37
304.143
303.949
303.786
303.65
303.539
303.449
303.377
303.321
303.277
303.244
303.218
303.199
303.185
303.175
303.167
303.162
303.158
303.155
303.154
303.152
303.152
303.151
303.151
303.15
303.15
303.15
303.15
303.15
303.15
303.15
303.15
303.15
303.15
303.15
303.15
303.15
303.15
303.15
303.15
303.15
303.15
303.15
303.15
303.15
303.15
303.15
303.15
303.15
303.15
303.15
303.15
303.15
303.15
303.15
303.15
303.15
303.15
303.15
303.15
303.15
303.15
303.15
303.15
303.15
303.15
303.15
303.15
303.15
303.15
303.15
303.15
303.15
303.15
303.15
306.046
305.639
305.267
304.931
304.632
304.37
304.143
303.949
303.786
303.65
303.539
303.449
303.377
303.321
303.277
303.244
303.218
303.199
303.185
303.175
303.167
303.162
303.158
303.155
303.154
303.152
303.152
303.151
303.151
303.15
303.15
303.15
303.15
303.15
303.15
303.15
303.15
303.15
303.15
303.15
303.15
303.15
303.15
303.15
303.15
303.15
303.15
303.15
303.15
303.15
303.15
303.15
303.15
303.15
303.15
303.15
303.15
303.15
303.15
303.15
303.15
303.15
303.15
303.15
303.15
303.15
303.15
303.15
303.15
303.15
303.15
303.15
303.15
303.15
303.15
303.15
303.15
303.15
303.15
303.15
306.046
305.639
305.267
304.931
304.632
304.37
304.143
303.949
303.786
303.65
303.539
303.449
303.377
303.321
303.277
303.244
303.218
303.199
303.185
303.175
303.167
303.162
303.158
303.155
303.154
303.152
303.152
303.151
303.151
303.15
303.15
303.15
303.15
303.15
303.15
303.15
303.15
303.15
303.15
303.15
303.15
303.15
303.15
303.15
303.15
303.15
303.15
303.15
303.15
303.15
303.15
303.15
303.15
303.15
303.15
303.15
303.15
303.15
303.15
303.15
303.15
303.15
303.15
303.15
303.15
303.15
303.15
303.15
303.15
303.15
303.15
303.15
303.15
303.15
303.15
303.15
303.15
303.15
303.15
303.15
306.046
305.639
305.267
304.931
304.632
304.37
304.143
303.949
303.786
303.65
303.539
303.449
303.377
303.321
303.277
303.244
303.218
303.199
303.185
303.175
303.167
303.162
303.158
303.155
303.154
303.152
303.152
303.151
303.151
303.15
303.15
303.15
303.15
303.15
303.15
303.15
303.15
303.15
303.15
303.15
303.15
303.15
303.15
303.15
303.15
303.15
303.15
303.15
303.15
303.15
303.15
303.15
303.15
303.15
303.15
303.15
303.15
303.15
303.15
303.15
303.15
303.15
303.15
303.15
303.15
303.15
303.15
303.15
303.15
303.15
303.15
303.15
303.15
303.15
303.15
303.15
303.15
303.15
303.15
303.15
306.046
305.639
305.267
304.931
304.632
304.37
304.143
303.949
303.786
303.65
303.539
303.449
303.377
303.321
303.277
303.244
303.218
303.199
303.185
303.175
303.167
303.162
303.158
303.155
303.154
303.152
303.152
303.151
303.151
303.15
303.15
303.15
303.15
303.15
303.15
303.15
303.15
303.15
303.15
303.15
303.15
303.15
303.15
303.15
303.15
303.15
303.15
303.15
303.15
303.15
303.15
303.15
303.15
303.15
303.15
303.15
303.15
303.15
303.15
303.15
303.15
303.15
303.15
303.15
303.15
303.15
303.15
303.15
303.15
303.15
303.15
303.15
303.15
303.15
303.15
303.15
303.15
303.15
303.15
303.15
306.046
305.639
305.267
304.931
304.632
304.37
304.143
303.949
303.786
303.65
303.539
303.449
303.377
303.321
303.277
303.244
303.218
303.199
303.185
303.175
303.167
303.162
303.158
303.155
303.154
303.152
303.152
303.151
303.151
303.15
303.15
303.15
303.15
303.15
303.15
303.15
303.15
303.15
303.15
303.15
303.15
303.15
303.15
303.15
303.15
303.15
303.15
303.15
303.15
303.15
303.15
303.15
303.15
303.15
303.15
303.15
303.15
303.15
303.15
303.15
303.15
303.15
303.15
303.15
303.15
303.15
303.15
303.15
303.15
303.15
303.15
303.15
303.15
303.15
303.15
303.15
303.15
303.15
303.15
303.15
306.046
305.639
305.267
304.931
304.632
304.37
304.143
303.949
303.786
303.65
303.539
303.449
303.377
303.321
303.277
303.244
303.218
303.199
303.185
303.175
303.167
303.162
303.158
303.155
303.154
303.152
303.152
303.151
303.151
303.15
303.15
303.15
303.15
303.15
303.15
303.15
303.15
303.15
303.15
303.15
303.15
303.15
303.15
303.15
303.15
303.15
303.15
303.15
303.15
303.15
303.15
303.15
303.15
303.15
303.15
303.15
303.15
303.15
303.15
303.15
303.15
303.15
303.15
303.15
303.15
303.15
303.15
303.15
303.15
303.15
303.15
303.15
303.15
303.15
303.15
303.15
303.15
303.15
303.15
303.15
306.046
305.639
305.267
304.931
304.632
304.37
304.143
303.949
303.786
303.65
303.539
303.449
303.377
303.321
303.277
303.244
303.218
303.199
303.185
303.175
303.167
303.162
303.158
303.155
303.154
303.152
303.152
303.151
303.151
303.15
303.15
303.15
303.15
303.15
303.15
303.15
303.15
303.15
303.15
303.15
303.15
303.15
303.15
303.15
303.15
303.15
303.15
303.15
303.15
303.15
303.15
303.15
303.15
303.15
303.15
303.15
303.15
303.15
303.15
303.15
303.15
303.15
303.15
303.15
303.15
303.15
303.15
303.15
303.15
303.15
303.15
303.15
303.15
303.15
303.15
303.15
303.15
303.15
303.15
303.15
306.046
305.639
305.267
304.931
304.632
304.37
304.143
303.949
303.786
303.65
303.539
303.449
303.377
303.321
303.277
303.244
303.218
303.199
303.185
303.175
303.167
303.162
303.158
303.155
303.154
303.152
303.152
303.151
303.151
303.15
303.15
303.15
303.15
303.15
303.15
303.15
303.15
303.15
303.15
303.15
303.15
303.15
303.15
303.15
303.15
303.15
303.15
303.15
303.15
303.15
303.15
303.15
303.15
303.15
303.15
303.15
303.15
303.15
303.15
303.15
303.15
303.15
303.15
303.15
303.15
303.15
303.15
303.15
303.15
303.15
303.15
303.15
303.15
303.15
303.15
303.15
303.15
303.15
303.15
303.15
306.046
305.639
305.267
304.931
304.632
304.37
304.143
303.949
303.786
303.65
303.539
303.449
303.377
303.321
303.277
303.244
303.218
303.199
303.185
303.175
303.167
303.162
303.158
303.155
303.154
303.152
303.152
303.151
303.151
303.15
303.15
303.15
303.15
303.15
303.15
303.15
303.15
303.15
303.15
303.15
303.15
303.15
303.15
303.15
303.15
303.15
303.15
303.15
303.15
303.15
303.15
303.15
303.15
303.15
303.15
303.15
303.15
303.15
303.15
303.15
303.15
303.15
303.15
303.15
303.15
303.15
303.15
303.15
303.15
303.15
303.15
303.15
303.15
303.15
303.15
303.15
303.15
303.15
303.15
303.15
306.046
305.639
305.267
304.931
304.632
304.37
304.143
303.949
303.786
303.65
303.539
303.449
303.377
303.321
303.277
303.244
303.218
303.199
303.185
303.175
303.167
303.162
303.158
303.155
303.154
303.152
303.152
303.151
303.151
303.15
303.15
303.15
303.15
303.15
303.15
303.15
303.15
303.15
303.15
303.15
303.15
303.15
303.15
303.15
303.15
303.15
303.15
303.15
303.15
303.15
303.15
303.15
303.15
303.15
303.15
303.15
303.15
303.15
303.15
303.15
303.15
303.15
303.15
303.15
303.15
303.15
303.15
303.15
303.15
303.15
303.15
303.15
303.15
303.15
303.15
303.15
303.15
303.15
303.15
303.15
306.046
305.639
305.267
304.931
304.632
304.37
304.143
303.949
303.786
303.65
303.539
303.449
303.377
303.321
303.277
303.244
303.218
303.199
303.185
303.175
303.167
303.162
303.158
303.155
303.154
303.152
303.152
303.151
303.151
303.15
303.15
303.15
303.15
303.15
303.15
303.15
303.15
303.15
303.15
303.15
303.15
303.15
303.15
303.15
303.15
303.15
303.15
303.15
303.15
303.15
303.15
303.15
303.15
303.15
303.15
303.15
303.15
303.15
303.15
303.15
303.15
303.15
303.15
303.15
303.15
303.15
303.15
303.15
303.15
303.15
303.15
303.15
303.15
303.15
303.15
303.15
303.15
303.15
303.15
303.15
306.046
305.639
305.267
304.931
304.632
304.37
304.143
303.949
303.786
303.65
303.539
303.449
303.377
303.321
303.277
303.244
303.218
303.199
303.185
303.175
303.167
303.162
303.158
303.155
303.154
303.152
303.152
303.151
303.151
303.15
303.15
303.15
303.15
303.15
303.15
303.15
303.15
303.15
303.15
303.15
303.15
303.15
303.15
303.15
303.15
303.15
303.15
303.15
303.15
303.15
303.15
303.15
303.15
303.15
303.15
303.15
303.15
303.15
303.15
303.15
303.15
303.15
303.15
303.15
303.15
303.15
303.15
303.15
303.15
303.15
303.15
303.15
303.15
303.15
303.15
303.15
303.15
303.15
303.15
303.15
306.046
305.639
305.267
304.931
304.632
304.37
304.143
303.949
303.786
303.65
303.539
303.449
303.377
303.321
303.277
303.244
303.218
303.199
303.185
303.175
303.167
303.162
303.158
303.155
303.154
303.152
303.152
303.151
303.151
303.15
303.15
303.15
303.15
303.15
303.15
303.15
303.15
303.15
303.15
303.15
303.15
303.15
303.15
303.15
303.15
303.15
303.15
303.15
303.15
303.15
303.15
303.15
303.15
303.15
303.15
303.15
303.15
303.15
303.15
303.15
303.15
303.15
303.15
303.15
303.15
303.15
303.15
303.15
303.15
303.15
303.15
303.15
303.15
303.15
303.15
303.15
303.15
303.15
303.15
303.15
306.046
305.639
305.267
304.931
304.632
304.37
304.143
303.949
303.786
303.65
303.539
303.449
303.377
303.321
303.277
303.244
303.218
303.199
303.185
303.175
303.167
303.162
303.158
303.155
303.154
303.152
303.152
303.151
303.151
303.15
303.15
303.15
303.15
303.15
303.15
303.15
303.15
303.15
303.15
303.15
303.15
303.15
303.15
303.15
303.15
303.15
303.15
303.15
303.15
303.15
303.15
303.15
303.15
303.15
303.15
303.15
303.15
303.15
303.15
303.15
303.15
303.15
303.15
303.15
303.15
303.15
303.15
303.15
303.15
303.15
303.15
303.15
303.15
303.15
303.15
303.15
303.15
303.15
303.15
303.15
306.046
305.639
305.267
304.931
304.632
304.37
304.143
303.949
303.786
303.65
303.539
303.449
303.377
303.321
303.277
303.244
303.218
303.199
303.185
303.175
303.167
303.162
303.158
303.155
303.154
303.152
303.152
303.151
303.151
303.15
303.15
303.15
303.15
303.15
303.15
303.15
303.15
303.15
303.15
303.15
303.15
303.15
303.15
303.15
303.15
303.15
303.15
303.15
303.15
303.15
303.15
303.15
303.15
303.15
303.15
303.15
303.15
303.15
303.15
303.15
303.15
303.15
303.15
303.15
303.15
303.15
303.15
303.15
303.15
303.15
303.15
303.15
303.15
303.15
303.15
303.15
303.15
303.15
303.15
303.15
306.046
305.639
305.267
304.931
304.632
304.37
304.143
303.949
303.786
303.65
303.539
303.449
303.377
303.321
303.277
303.244
303.218
303.199
303.185
303.175
303.167
303.162
303.158
303.155
303.154
303.152
303.152
303.151
303.151
303.15
303.15
303.15
303.15
303.15
303.15
303.15
303.15
303.15
303.15
303.15
303.15
303.15
303.15
303.15
303.15
303.15
303.15
303.15
303.15
303.15
303.15
303.15
303.15
303.15
303.15
303.15
303.15
303.15
303.15
303.15
303.15
303.15
303.15
303.15
303.15
303.15
303.15
303.15
303.15
303.15
303.15
303.15
303.15
303.15
303.15
303.15
303.15
303.15
303.15
303.15
306.046
305.639
305.267
304.931
304.632
304.37
304.143
303.949
303.786
303.65
303.539
303.449
303.377
303.321
303.277
303.244
303.218
303.199
303.185
303.175
303.167
303.162
303.158
303.155
303.154
303.152
303.152
303.151
303.151
303.15
303.15
303.15
303.15
303.15
303.15
303.15
303.15
303.15
303.15
303.15
303.15
303.15
303.15
303.15
303.15
303.15
303.15
303.15
303.15
303.15
303.15
303.15
303.15
303.15
303.15
303.15
303.15
303.15
303.15
303.15
303.15
303.15
303.15
303.15
303.15
303.15
303.15
303.15
303.15
303.15
303.15
303.15
303.15
303.15
303.15
303.15
303.15
303.15
303.15
303.15
306.046
305.639
305.267
304.931
304.632
304.37
304.143
303.949
303.786
303.65
303.539
303.449
303.377
303.321
303.277
303.244
303.218
303.199
303.185
303.175
303.167
303.162
303.158
303.155
303.154
303.152
303.152
303.151
303.151
303.15
303.15
303.15
303.15
303.15
303.15
303.15
303.15
303.15
303.15
303.15
303.15
303.15
303.15
303.15
303.15
303.15
303.15
303.15
303.15
303.15
303.15
303.15
303.15
303.15
303.15
303.15
303.15
303.15
303.15
303.15
303.15
303.15
303.15
303.15
303.15
303.15
303.15
303.15
303.15
303.15
303.15
303.15
303.15
303.15
303.15
303.15
303.15
303.15
303.15
303.15
306.046
305.639
305.267
304.931
304.632
304.37
304.143
303.949
303.786
303.65
303.539
303.449
303.377
303.321
303.277
303.244
303.218
303.199
303.185
303.175
303.167
303.162
303.158
303.155
303.154
303.152
303.152
303.151
303.151
303.15
303.15
303.15
303.15
303.15
303.15
303.15
303.15
303.15
303.15
303.15
303.15
303.15
303.15
303.15
303.15
303.15
303.15
303.15
303.15
303.15
303.15
303.15
303.15
303.15
303.15
303.15
303.15
303.15
303.15
303.15
303.15
303.15
303.15
303.15
303.15
303.15
303.15
303.15
303.15
303.15
303.15
303.15
303.15
303.15
303.15
303.15
303.15
303.15
303.15
303.15
306.046
305.639
305.267
304.931
304.632
304.37
304.143
303.949
303.786
303.65
303.539
303.449
303.377
303.321
303.277
303.244
303.218
303.199
303.185
303.175
303.167
303.162
303.158
303.155
303.154
303.152
303.152
303.151
303.151
303.15
303.15
303.15
303.15
303.15
303.15
303.15
303.15
303.15
303.15
303.15
303.15
303.15
303.15
303.15
303.15
303.15
303.15
303.15
303.15
303.15
303.15
303.15
303.15
303.15
303.15
303.15
303.15
303.15
303.15
303.15
303.15
303.15
303.15
303.15
303.15
303.15
303.15
303.15
303.15
303.15
303.15
303.15
303.15
303.15
303.15
303.15
303.15
303.15
303.15
303.15
306.046
305.639
305.267
304.931
304.632
304.37
304.143
303.949
303.786
303.65
303.539
303.449
303.377
303.321
303.277
303.244
303.218
303.199
303.185
303.175
303.167
303.162
303.158
303.155
303.154
303.152
303.152
303.151
303.151
303.15
303.15
303.15
303.15
303.15
303.15
303.15
303.15
303.15
303.15
303.15
303.15
303.15
303.15
303.15
303.15
303.15
303.15
303.15
303.15
303.15
303.15
303.15
303.15
303.15
303.15
303.15
303.15
303.15
303.15
303.15
303.15
303.15
303.15
303.15
303.15
303.15
303.15
303.15
303.15
303.15
303.15
303.15
303.15
303.15
303.15
303.15
303.15
303.15
303.15
303.15
306.046
305.639
305.267
304.931
304.632
304.37
304.143
303.949
303.786
303.65
303.539
303.449
303.377
303.321
303.277
303.244
303.218
303.199
303.185
303.175
303.167
303.162
303.158
303.155
303.154
303.152
303.152
303.151
303.151
303.15
303.15
303.15
303.15
303.15
303.15
303.15
303.15
303.15
303.15
303.15
303.15
303.15
303.15
303.15
303.15
303.15
303.15
303.15
303.15
303.15
303.15
303.15
303.15
303.15
303.15
303.15
303.15
303.15
303.15
303.15
303.15
303.15
303.15
303.15
303.15
303.15
303.15
303.15
303.15
303.15
303.15
303.15
303.15
303.15
303.15
303.15
303.15
303.15
303.15
303.15
306.046
305.639
305.267
304.931
304.632
304.37
304.143
303.949
303.786
303.65
303.539
303.449
303.377
303.321
303.277
303.244
303.218
303.199
303.185
303.175
303.167
303.162
303.158
303.155
303.154
303.152
303.152
303.151
303.151
303.15
303.15
303.15
303.15
303.15
303.15
303.15
303.15
303.15
303.15
303.15
303.15
303.15
303.15
303.15
303.15
303.15
303.15
303.15
303.15
303.15
303.15
303.15
303.15
303.15
303.15
303.15
303.15
303.15
303.15
303.15
303.15
303.15
303.15
303.15
303.15
303.15
303.15
303.15
303.15
303.15
303.15
303.15
303.15
303.15
303.15
303.15
303.15
303.15
303.15
303.15
306.046
305.639
305.267
304.931
304.632
304.37
304.143
303.949
303.786
303.65
303.539
303.449
303.377
303.321
303.277
303.244
303.218
303.199
303.185
303.175
303.167
303.162
303.158
303.155
303.154
303.152
303.152
303.151
303.151
303.15
303.15
303.15
303.15
303.15
303.15
303.15
303.15
303.15
303.15
303.15
303.15
303.15
303.15
303.15
303.15
303.15
303.15
303.15
303.15
303.15
303.15
303.15
303.15
303.15
303.15
303.15
303.15
303.15
303.15
303.15
303.15
303.15
303.15
303.15
303.15
303.15
303.15
303.15
303.15
303.15
303.15
303.15
303.15
303.15
303.15
303.15
303.15
303.15
303.15
303.15
306.046
305.639
305.267
304.931
304.632
304.37
304.143
303.949
303.786
303.65
303.539
303.449
303.377
303.321
303.277
303.244
303.218
303.199
303.185
303.175
303.167
303.162
303.158
303.155
303.154
303.152
303.152
303.151
303.151
303.15
303.15
303.15
303.15
303.15
303.15
303.15
303.15
303.15
303.15
303.15
303.15
303.15
303.15
303.15
303.15
303.15
303.15
303.15
303.15
303.15
303.15
303.15
303.15
303.15
303.15
303.15
303.15
303.15
303.15
303.15
303.15
303.15
303.15
303.15
303.15
303.15
303.15
303.15
303.15
303.15
303.15
303.15
303.15
303.15
303.15
303.15
303.15
303.15
303.15
303.15
306.046
305.639
305.267
304.931
304.632
304.37
304.143
303.949
303.786
303.65
303.539
303.449
303.377
303.321
303.277
303.244
303.218
303.199
303.185
303.175
303.167
303.162
303.158
303.155
303.154
303.152
303.152
303.151
303.151
303.15
303.15
303.15
303.15
303.15
303.15
303.15
303.15
303.15
303.15
303.15
303.15
303.15
303.15
303.15
303.15
303.15
303.15
303.15
303.15
303.15
303.15
303.15
303.15
303.15
303.15
303.15
303.15
303.15
303.15
303.15
303.15
303.15
303.15
303.15
303.15
303.15
303.15
303.15
303.15
303.15
303.15
303.15
303.15
303.15
303.15
303.15
303.15
303.15
303.15
303.15
306.046
305.639
305.267
304.931
304.632
304.37
304.143
303.949
303.786
303.65
303.539
303.449
303.377
303.321
303.277
303.244
303.218
303.199
303.185
303.175
303.167
303.162
303.158
303.155
303.154
303.152
303.152
303.151
303.151
303.15
303.15
303.15
303.15
303.15
303.15
303.15
303.15
303.15
303.15
303.15
303.15
303.15
303.15
303.15
303.15
303.15
303.15
303.15
303.15
303.15
303.15
303.15
303.15
303.15
303.15
303.15
303.15
303.15
303.15
303.15
303.15
303.15
303.15
303.15
303.15
303.15
303.15
303.15
303.15
303.15
303.15
303.15
303.15
303.15
303.15
303.15
303.15
303.15
303.15
303.15
306.046
305.639
305.267
304.931
304.632
304.37
304.143
303.949
303.786
303.65
303.539
303.449
303.377
303.321
303.277
303.244
303.218
303.199
303.185
303.175
303.167
303.162
303.158
303.155
303.154
303.152
303.152
303.151
303.151
303.15
303.15
303.15
303.15
303.15
303.15
303.15
303.15
303.15
303.15
303.15
303.15
303.15
303.15
303.15
303.15
303.15
303.15
303.15
303.15
303.15
303.15
303.15
303.15
303.15
303.15
303.15
303.15
303.15
303.15
303.15
303.15
303.15
303.15
303.15
303.15
303.15
303.15
303.15
303.15
303.15
303.15
303.15
303.15
303.15
303.15
303.15
303.15
303.15
303.15
303.15
306.046
305.639
305.267
304.931
304.632
304.37
304.143
303.949
303.786
303.65
303.539
303.449
303.377
303.321
303.277
303.244
303.218
303.199
303.185
303.175
303.167
303.162
303.158
303.155
303.154
303.152
303.152
303.151
303.151
303.15
303.15
303.15
303.15
303.15
303.15
303.15
303.15
303.15
303.15
303.15
303.15
303.15
303.15
303.15
303.15
303.15
303.15
303.15
303.15
303.15
303.15
303.15
303.15
303.15
303.15
303.15
303.15
303.15
303.15
303.15
303.15
303.15
303.15
303.15
303.15
303.15
303.15
303.15
303.15
303.15
303.15
303.15
303.15
303.15
303.15
303.15
303.15
303.15
303.15
303.15
306.046
305.639
305.267
304.931
304.632
304.37
304.143
303.949
303.786
303.65
303.539
303.449
303.377
303.321
303.277
303.244
303.218
303.199
303.185
303.175
303.167
303.162
303.158
303.155
303.154
303.152
303.152
303.151
303.151
303.15
303.15
303.15
303.15
303.15
303.15
303.15
303.15
303.15
303.15
303.15
303.15
303.15
303.15
303.15
303.15
303.15
303.15
303.15
303.15
303.15
303.15
303.15
303.15
303.15
303.15
303.15
303.15
303.15
303.15
303.15
303.15
303.15
303.15
303.15
303.15
303.15
303.15
303.15
303.15
303.15
303.15
303.15
303.15
303.15
303.15
303.15
303.15
303.15
303.15
303.15
306.046
305.639
305.267
304.931
304.632
304.37
304.143
303.949
303.786
303.65
303.539
303.449
303.377
303.321
303.277
303.244
303.218
303.199
303.185
303.175
303.167
303.162
303.158
303.155
303.154
303.152
303.152
303.151
303.151
303.15
303.15
303.15
303.15
303.15
303.15
303.15
303.15
303.15
303.15
303.15
303.15
303.15
303.15
303.15
303.15
303.15
303.15
303.15
303.15
303.15
303.15
303.15
303.15
303.15
303.15
303.15
303.15
303.15
303.15
303.15
303.15
303.15
303.15
303.15
303.15
303.15
303.15
303.15
303.15
303.15
303.15
303.15
303.15
303.15
303.15
303.15
303.15
303.15
303.15
303.15
306.046
305.639
305.267
304.931
304.633
304.37
304.143
303.949
303.786
303.65
303.539
303.449
303.377
303.321
303.277
303.244
303.218
303.199
303.185
303.175
303.167
303.162
303.158
303.155
303.154
303.152
303.152
303.151
303.151
303.15
303.15
303.15
303.15
303.15
303.15
303.15
303.15
303.15
303.15
303.15
303.15
303.15
303.15
303.15
303.15
303.15
303.15
303.15
303.15
303.15
303.15
303.15
303.15
303.15
303.15
303.15
303.15
303.15
303.15
303.15
303.15
303.15
303.15
303.15
303.15
303.15
303.15
303.15
303.15
303.15
303.15
303.15
303.15
303.15
303.15
303.15
303.15
303.15
303.15
303.15
306.046
305.639
305.267
304.931
304.633
304.37
304.143
303.949
303.786
303.65
303.539
303.449
303.377
303.321
303.277
303.244
303.218
303.199
303.185
303.175
303.167
303.162
303.158
303.155
303.154
303.152
303.152
303.151
303.151
303.15
303.15
303.15
303.15
303.15
303.15
303.15
303.15
303.15
303.15
303.15
303.15
303.15
303.15
303.15
303.15
303.15
303.15
303.15
303.15
303.15
303.15
303.15
303.15
303.15
303.15
303.15
303.15
303.15
303.15
303.15
303.15
303.15
303.15
303.15
303.15
303.15
303.15
303.15
303.15
303.15
303.15
303.15
303.15
303.15
303.15
303.15
303.15
303.15
303.15
303.15
306.046
305.639
305.267
304.931
304.633
304.37
304.143
303.949
303.786
303.65
303.539
303.449
303.377
303.321
303.277
303.244
303.218
303.199
303.185
303.175
303.167
303.162
303.158
303.155
303.154
303.152
303.152
303.151
303.151
303.15
303.15
303.15
303.15
303.15
303.15
303.15
303.15
303.15
303.15
303.15
303.15
303.15
303.15
303.15
303.15
303.15
303.15
303.15
303.15
303.15
303.15
303.15
303.15
303.15
303.15
303.15
303.15
303.15
303.15
303.15
303.15
303.15
303.15
303.15
303.15
303.15
303.15
303.15
303.15
303.15
303.15
303.15
303.15
303.15
303.15
303.15
303.15
303.15
303.15
303.15
306.046
305.639
305.267
304.931
304.633
304.37
304.143
303.949
303.786
303.65
303.539
303.449
303.377
303.321
303.277
303.244
303.218
303.199
303.185
303.175
303.167
303.162
303.158
303.155
303.154
303.152
303.152
303.151
303.151
303.15
303.15
303.15
303.15
303.15
303.15
303.15
303.15
303.15
303.15
303.15
303.15
303.15
303.15
303.15
303.15
303.15
303.15
303.15
303.15
303.15
303.15
303.15
303.15
303.15
303.15
303.15
303.15
303.15
303.15
303.15
303.15
303.15
303.15
303.15
303.15
303.15
303.15
303.15
303.15
303.15
303.15
303.15
303.15
303.15
303.15
303.15
303.15
303.15
303.15
303.15
306.046
305.639
305.267
304.931
304.633
304.37
304.143
303.949
303.786
303.65
303.539
303.449
303.377
303.321
303.277
303.244
303.218
303.199
303.185
303.175
303.167
303.162
303.158
303.155
303.154
303.152
303.152
303.151
303.151
303.15
303.15
303.15
303.15
303.15
303.15
303.15
303.15
303.15
303.15
303.15
303.15
303.15
303.15
303.15
303.15
303.15
303.15
303.15
303.15
303.15
303.15
303.15
303.15
303.15
303.15
303.15
303.15
303.15
303.15
303.15
303.15
303.15
303.15
303.15
303.15
303.15
303.15
303.15
303.15
303.15
303.15
303.15
303.15
303.15
303.15
303.15
303.15
303.15
303.15
303.15
303.15
303.15
303.15
303.15
303.15
303.15
303.15
303.15
303.15
303.15
303.15
303.15
303.15
303.15
303.15
303.15
303.15
303.15
303.15
303.15
303.15
303.15
303.15
303.15
303.15
303.15
303.15
303.15
303.15
303.15
303.15
303.15
303.15
303.15
303.15
303.15
303.15
303.15
303.15
303.15
303.15
303.15
303.15
303.15
303.15
303.15
303.15
303.15
303.15
303.15
303.15
303.15
303.15
303.15
303.15
303.15
303.15
303.15
303.15
303.15
303.15
303.15
303.15
303.15
303.15
303.15
303.15
303.15
303.15
303.15
303.15
303.15
303.15
303.15
303.15
303.15
303.15
303.15
303.15
303.15
303.15
303.15
303.15
303.15
303.15
303.15
303.15
303.15
303.15
303.15
303.15
303.15
303.15
303.15
303.15
303.15
303.15
303.15
303.15
303.15
303.15
303.15
303.15
303.15
303.15
303.15
303.15
303.15
303.15
303.15
303.15
303.15
303.15
303.15
303.15
303.15
303.15
303.15
303.15
303.15
303.15
303.15
303.15
303.15
303.15
303.15
303.15
303.15
303.15
303.15
303.15
303.15
303.15
303.15
303.15
303.15
303.15
303.15
303.15
303.15
303.15
303.15
303.15
303.15
303.15
303.15
303.15
303.15
303.15
303.15
303.15
303.15
303.15
303.15
303.15
303.15
303.15
303.15
303.15
303.15
303.15
303.15
303.15
303.15
303.15
303.15
303.15
303.15
303.15
303.15
303.15
303.15
303.15
303.15
303.15
303.15
303.15
303.15
303.15
303.15
303.15
303.15
303.15
303.15
303.15
303.15
303.15
303.15
303.15
303.15
303.15
303.15
303.15
303.15
303.15
303.15
303.15
303.15
303.15
303.15
303.15
303.15
303.15
303.15
303.15
303.15
303.15
303.15
303.15
303.15
303.15
303.15
303.15
303.15
303.15
303.15
303.15
303.15
303.15
303.15
303.15
303.15
303.15
303.15
303.15
303.15
303.15
303.15
303.15
303.15
303.15
303.15
303.15
303.15
303.15
303.15
303.15
303.15
303.15
303.15
303.15
303.15
303.15
303.15
303.15
303.15
303.15
303.15
303.15
303.15
303.15
303.15
303.15
303.15
303.15
303.15
303.15
303.15
303.15
303.15
303.15
303.15
303.15
303.15
303.15
303.15
303.15
303.15
303.15
303.15
303.15
303.15
303.15
303.15
303.15
303.15
303.15
303.15
303.15
303.15
303.15
303.15
303.15
303.15
303.15
303.15
303.15
303.15
303.15
303.15
303.15
303.15
303.15
303.15
303.15
303.15
303.15
303.15
303.15
303.15
303.15
303.15
303.15
303.15
303.15
303.15
303.15
303.15
303.15
303.15
303.15
303.15
303.15
303.15
303.15
303.15
303.15
303.15
303.15
303.15
303.15
303.15
303.15
303.15
303.15
303.15
303.15
303.15
303.15
303.15
303.15
303.15
303.15
303.15
303.15
303.15
303.15
303.15
303.15
303.15
303.15
303.15
303.15
303.15
303.15
303.15
303.15
303.15
303.15
303.15
303.15
303.15
303.15
303.15
303.15
303.15
303.15
303.15
303.15
303.15
303.15
303.15
303.15
303.15
303.15
303.15
303.15
303.15
303.15
303.15
303.15
303.15
303.15
303.15
303.15
303.15
303.15
303.15
303.15
303.15
303.15
303.15
303.15
303.15
303.15
303.15
303.15
303.15
303.15
303.15
303.15
303.15
303.15
303.15
303.15
303.15
303.15
303.15
303.15
303.15
303.15
303.15
303.15
303.15
303.15
303.15
303.15
303.15
303.15
303.15
303.15
303.15
303.15
303.15
303.15
303.15
303.15
303.15
303.15
303.15
303.15
303.15
303.15
303.15
303.15
303.15
303.15
303.15
303.15
303.15
303.15
303.15
303.15
303.15
303.15
303.15
303.15
303.15
303.15
303.15
303.15
303.15
303.15
303.15
303.15
303.15
303.15
303.15
303.15
303.15
303.15
303.15
303.15
303.15
303.15
303.15
303.15
303.15
303.15
303.15
303.15
303.15
303.15
303.15
303.15
303.15
303.15
303.15
303.15
303.15
303.15
303.15
303.15
303.15
303.15
303.15
303.15
303.15
303.15
303.15
303.15
303.15
303.15
303.15
303.15
303.15
303.15
303.15
303.15
303.15
303.15
303.15
303.15
303.15
303.15
303.15
303.15
303.15
303.15
303.15
303.15
303.15
303.15
303.15
303.15
303.15
303.15
303.15
303.15
303.15
303.15
303.15
303.15
303.15
303.15
303.15
303.15
303.15
303.15
303.15
303.15
303.15
303.15
303.15
303.15
303.15
303.15
303.15
303.15
303.15
303.15
303.15
303.15
303.15
303.15
303.15
303.15
303.15
303.15
303.15
303.15
303.15
303.15
303.15
303.15
303.15
303.15
303.15
303.15
303.15
303.15
303.15
303.15
303.15
303.15
303.15
303.15
303.15
303.15
303.15
303.15
303.15
303.15
303.15
303.15
303.15
303.15
303.15
303.15
303.15
303.15
303.15
303.15
303.15
303.15
303.15
303.15
303.15
303.15
303.15
303.15
303.15
303.15
303.15
303.15
303.15
303.15
303.15
303.15
303.15
303.15
303.15
303.15
303.15
303.15
303.15
303.15
303.15
303.15
303.15
303.15
303.15
303.15
303.15
303.15
303.15
303.15
303.15
303.15
303.15
303.15
303.15
303.15
303.15
303.15
303.15
303.15
303.15
303.15
303.15
303.15
303.15
303.15
303.15
303.15
303.15
303.15
303.15
303.15
303.15
303.15
303.15
303.15
303.15
303.15
303.15
303.15
303.15
303.15
303.15
303.15
303.15
303.15
303.15
303.15
303.15
303.15
303.15
303.15
303.15
303.15
303.15
303.15
303.15
303.15
303.15
303.15
303.15
303.15
303.15
303.15
303.15
303.15
303.15
303.15
303.15
303.15
303.15
303.15
303.15
303.15
303.15
303.15
303.15
303.15
303.15
303.15
303.15
303.15
303.15
303.15
303.15
303.15
303.15
303.15
303.15
303.15
303.15
303.15
303.15
303.15
303.15
303.15
303.15
303.15
303.15
303.15
303.15
303.15
303.15
303.15
303.15
303.15
303.15
303.15
303.15
303.15
303.15
303.15
303.15
303.15
303.15
303.15
303.15
303.15
303.15
303.15
303.15
303.15
303.15
303.15
303.15
303.15
303.15
303.15
303.15
303.15
303.15
303.15
303.15
303.15
303.15
303.15
303.15
303.15
303.15
303.15
303.15
303.15
303.15
303.15
303.15
303.15
303.15
303.15
303.15
303.15
303.15
303.15
303.15
303.15
303.15
303.15
303.15
303.15
303.15
303.15
303.15
303.15
303.15
303.15
303.15
303.15
303.15
303.15
303.15
303.15
303.15
303.15
303.15
303.15
303.15
303.15
303.15
303.15
303.15
303.15
303.15
303.15
303.15
303.15
303.15
303.15
303.15
303.15
303.15
303.15
303.15
303.15
303.15
303.15
303.15
303.15
303.15
303.15
303.15
303.15
303.15
303.15
303.15
314.769
313.921
312.876
311.592
310.017
308.301
307.541
307.224
306.881
306.476
314.77
313.921
312.877
311.594
310.018
308.301
307.541
307.225
306.881
306.477
314.77
313.922
312.879
311.597
310.022
308.303
307.542
307.225
306.882
306.477
314.771
313.926
312.886
311.605
310.03
308.306
307.543
307.226
306.882
306.477
314.773
313.933
312.898
311.621
310.047
308.311
307.544
307.227
306.883
306.478
314.776
313.943
312.915
311.645
310.072
308.319
307.546
307.228
306.883
306.478
314.78
313.953
312.933
311.669
310.098
308.331
307.548
307.228
306.884
306.478
314.782
313.96
312.945
311.686
310.117
308.342
307.549
307.229
306.884
306.478
314.783
313.963
312.95
311.692
310.125
308.346
307.549
307.229
306.884
306.478
314.783
313.963
312.95
311.692
310.125
308.344
307.55
307.229
306.884
306.478
306.047
305.639
305.267
304.931
304.633
304.37
304.143
303.949
303.786
303.65
303.539
303.449
303.377
303.321
303.277
303.244
303.218
303.199
303.185
303.175
303.167
303.162
303.158
303.155
303.154
303.152
303.152
303.151
303.151
303.15
303.15
303.15
303.15
303.15
303.15
303.15
303.15
303.15
303.15
303.15
303.15
303.15
303.15
303.15
303.15
303.15
303.15
303.15
303.15
303.15
303.15
303.15
303.15
303.15
303.15
303.15
303.15
303.15
303.15
303.15
303.15
303.15
303.15
303.15
303.15
303.15
303.15
303.15
303.15
303.15
303.15
303.15
303.15
303.15
303.15
303.15
303.15
303.15
303.15
303.15
306.047
305.64
305.267
304.931
304.633
304.37
304.143
303.949
303.786
303.65
303.539
303.449
303.377
303.321
303.277
303.244
303.218
303.199
303.185
303.175
303.167
303.162
303.158
303.155
303.154
303.152
303.152
303.151
303.151
303.15
303.15
303.15
303.15
303.15
303.15
303.15
303.15
303.15
303.15
303.15
303.15
303.15
303.15
303.15
303.15
303.15
303.15
303.15
303.15
303.15
303.15
303.15
303.15
303.15
303.15
303.15
303.15
303.15
303.15
303.15
303.15
303.15
303.15
303.15
303.15
303.15
303.15
303.15
303.15
303.15
303.15
303.15
303.15
303.15
303.15
303.15
303.15
303.15
303.15
303.15
306.047
305.64
305.267
304.932
304.633
304.37
304.143
303.949
303.786
303.65
303.539
303.449
303.377
303.321
303.277
303.244
303.218
303.199
303.185
303.175
303.167
303.162
303.158
303.155
303.154
303.152
303.152
303.151
303.151
303.15
303.15
303.15
303.15
303.15
303.15
303.15
303.15
303.15
303.15
303.15
303.15
303.15
303.15
303.15
303.15
303.15
303.15
303.15
303.15
303.15
303.15
303.15
303.15
303.15
303.15
303.15
303.15
303.15
303.15
303.15
303.15
303.15
303.15
303.15
303.15
303.15
303.15
303.15
303.15
303.15
303.15
303.15
303.15
303.15
303.15
303.15
303.15
303.15
303.15
303.15
306.047
305.64
305.267
304.932
304.633
304.37
304.143
303.949
303.786
303.65
303.539
303.449
303.377
303.321
303.277
303.244
303.218
303.199
303.185
303.175
303.167
303.162
303.158
303.155
303.154
303.152
303.152
303.151
303.151
303.15
303.15
303.15
303.15
303.15
303.15
303.15
303.15
303.15
303.15
303.15
303.15
303.15
303.15
303.15
303.15
303.15
303.15
303.15
303.15
303.15
303.15
303.15
303.15
303.15
303.15
303.15
303.15
303.15
303.15
303.15
303.15
303.15
303.15
303.15
303.15
303.15
303.15
303.15
303.15
303.15
303.15
303.15
303.15
303.15
303.15
303.15
303.15
303.15
303.15
303.15
306.047
305.64
305.267
304.932
304.633
304.37
304.143
303.949
303.786
303.65
303.539
303.449
303.377
303.321
303.277
303.244
303.218
303.199
303.185
303.175
303.167
303.162
303.158
303.155
303.154
303.152
303.152
303.151
303.151
303.15
303.15
303.15
303.15
303.15
303.15
303.15
303.15
303.15
303.15
303.15
303.15
303.15
303.15
303.15
303.15
303.15
303.15
303.15
303.15
303.15
303.15
303.15
303.15
303.15
303.15
303.15
303.15
303.15
303.15
303.15
303.15
303.15
303.15
303.15
303.15
303.15
303.15
303.15
303.15
303.15
303.15
303.15
303.15
303.15
303.15
303.15
303.15
303.15
303.15
303.15
306.047
305.64
305.267
304.932
304.633
304.37
304.143
303.949
303.786
303.65
303.539
303.449
303.377
303.321
303.277
303.244
303.218
303.199
303.185
303.175
303.167
303.162
303.158
303.155
303.154
303.152
303.152
303.151
303.151
303.15
303.15
303.15
303.15
303.15
303.15
303.15
303.15
303.15
303.15
303.15
303.15
303.15
303.15
303.15
303.15
303.15
303.15
303.15
303.15
303.15
303.15
303.15
303.15
303.15
303.15
303.15
303.15
303.15
303.15
303.15
303.15
303.15
303.15
303.15
303.15
303.15
303.15
303.15
303.15
303.15
303.15
303.15
303.15
303.15
303.15
303.15
303.15
303.15
303.15
303.15
306.047
305.64
305.267
304.932
304.633
304.37
304.143
303.949
303.786
303.65
303.539
303.449
303.377
303.321
303.277
303.244
303.218
303.199
303.185
303.175
303.167
303.162
303.158
303.155
303.154
303.152
303.152
303.151
303.151
303.15
303.15
303.15
303.15
303.15
303.15
303.15
303.15
303.15
303.15
303.15
303.15
303.15
303.15
303.15
303.15
303.15
303.15
303.15
303.15
303.15
303.15
303.15
303.15
303.15
303.15
303.15
303.15
303.15
303.15
303.15
303.15
303.15
303.15
303.15
303.15
303.15
303.15
303.15
303.15
303.15
303.15
303.15
303.15
303.15
303.15
303.15
303.15
303.15
303.15
303.15
306.047
305.64
305.267
304.932
304.633
304.37
304.143
303.949
303.786
303.65
303.539
303.449
303.377
303.321
303.277
303.244
303.218
303.199
303.185
303.175
303.167
303.162
303.158
303.155
303.154
303.152
303.152
303.151
303.151
303.15
303.15
303.15
303.15
303.15
303.15
303.15
303.15
303.15
303.15
303.15
303.15
303.15
303.15
303.15
303.15
303.15
303.15
303.15
303.15
303.15
303.15
303.15
303.15
303.15
303.15
303.15
303.15
303.15
303.15
303.15
303.15
303.15
303.15
303.15
303.15
303.15
303.15
303.15
303.15
303.15
303.15
303.15
303.15
303.15
303.15
303.15
303.15
303.15
303.15
303.15
306.047
305.64
305.267
304.932
304.633
304.37
304.143
303.949
303.786
303.65
303.539
303.449
303.377
303.321
303.277
303.244
303.218
303.199
303.185
303.175
303.167
303.162
303.158
303.155
303.154
303.152
303.152
303.151
303.151
303.15
303.15
303.15
303.15
303.15
303.15
303.15
303.15
303.15
303.15
303.15
303.15
303.15
303.15
303.15
303.15
303.15
303.15
303.15
303.15
303.15
303.15
303.15
303.15
303.15
303.15
303.15
303.15
303.15
303.15
303.15
303.15
303.15
303.15
303.15
303.15
303.15
303.15
303.15
303.15
303.15
303.15
303.15
303.15
303.15
303.15
303.15
303.15
303.15
303.15
303.15
306.047
305.64
305.267
304.932
304.633
304.37
304.143
303.949
303.786
303.65
303.539
303.449
303.377
303.321
303.277
303.244
303.218
303.199
303.185
303.175
303.167
303.162
303.158
303.155
303.154
303.152
303.152
303.151
303.151
303.15
303.15
303.15
303.15
303.15
303.15
303.15
303.15
303.15
303.15
303.15
303.15
303.15
303.15
303.15
303.15
303.15
303.15
303.15
303.15
303.15
303.15
303.15
303.15
303.15
303.15
303.15
303.15
303.15
303.15
303.15
303.15
303.15
303.15
303.15
303.15
303.15
303.15
303.15
303.15
303.15
303.15
303.15
303.15
303.15
303.15
303.15
303.15
303.15
303.15
303.15
303.15
303.15
303.15
303.15
303.15
303.15
303.15
303.15
303.15
303.15
303.15
303.15
303.15
303.15
303.15
303.15
303.15
303.15
303.15
303.15
303.15
303.15
303.15
303.15
303.15
303.15
303.15
303.15
303.15
303.15
303.15
303.15
303.15
303.15
303.15
303.15
303.15
303.15
303.15
303.15
303.15
303.15
303.15
303.15
303.15
303.15
303.15
303.15
303.15
303.15
303.15
303.15
303.15
303.15
303.15
303.15
303.15
303.15
303.15
303.15
303.15
303.15
303.15
303.15
303.15
303.15
303.15
303.15
303.15
303.15
303.15
303.15
303.15
303.15
303.15
303.15
303.15
303.15
303.15
303.15
303.15
303.15
303.15
303.15
303.15
303.15
303.15
303.15
303.15
303.15
303.15
303.15
303.15
303.15
303.15
303.15
303.15
303.15
303.15
303.15
)
;

boundaryField
{
    upperWall
    {
        type            zeroGradient;
    }
    leftWall
    {
        type            fixedValue;
        value           uniform 315.15;
    }
    rightWall
    {
        type            fixedValue;
        value           uniform 303.15;
    }
    lowerWall
    {
        type            zeroGradient;
    }
    frontAndBack
    {
        type            empty;
    }
}


// ************************************************************************* //
